[Console output redirected to file:C:\Users\zachary\Documents\outfile]
11202015
124 bound
127 bound
134 bound
146 bound
131 bound
137 152 bound
140 bound
bound
155 bound
143 bound
150 bound
158 bound
161 bound
177 bound
172 bound
174 bound
166 bound
163 bound
179 bound
169 bound
IT HAPPENED (5, 11)
Greedy cost, greedy val 549 962
greedyMap [[1, 0, 0, 1, 1, 1, 0, 0, 1, 0, 0, 0, 0, 0, 0], [0, 0, 1, 1, 1, 1, 1, 1, 1, 1, 1, 0, 0, 0, 0], [0, 0, 1, 1, 1, 1, 1, 1, 1, 1, 1, 1, 0, 0, 0], [1, 1, 0, 1, 1, 1, 1, 1, 1, 1, 1, 1, 0, 1, 0], [1, 1, 0, 0, 0, 0, 0, 1, 1, 1, 1, 1, 1, 1, 0], [1, 1, 0, 0, 0, 0, 0, 0, 0, 0, 0, 0, 0, 0, 0], [1, 1, 1, 0, 0, 0, 1, 0, 0, 0, 0, 0, 0, 0, 0], [1, 1, 1, 1, 1, 1, 1, 1, 1, 1, 0, 0, 0, 0, 0], [0, 0, 1, 1, 1, 1, 1, 1, 1, 0, 0, 0, 0, 0, 0], [0, 0, 0, 1, 1, 1, 1, 1, 1, 0, 0, 0, 0, 0, 0], [0, 0, 0, 1, 1, 1, 0, 0, 1, 1, 0, 0, 0, 0, 0], [0, 0, 0, 1, 1, 1, 0, 1, 1, 1, 0, 0, 0, 0, 0], [0, 0, 0, 0, 1, 1, 0, 0, 0, 0, 0, 0, 0, 0, 0], [0, 0, 0, 0, 0, 1, 1, 1, 0, 0, 0, 0, 0, 0, 0], [0, 0, 0, 1, 1, 1, 1, 1, 1, 1, 0, 0, 0, 0, 0]]
962
549
962
549
cosnstr type <type 'int'>
cost type <type 'int'>
iteration 0
IT HAPPENED (5, 12)
Greedy cost, greedy val 568 989
greedyMap [[1, 0, 0, 1, 1, 1, 0, 0, 1, 0, 0, 0, 0, 0, 0], [0, 0, 1, 1, 1, 1, 1, 1, 1, 1, 1, 0, 0, 0, 0], [0, 0, 1, 1, 1, 1, 1, 1, 1, 1, 1, 1, 0, 0, 0], [1, 1, 0, 1, 1, 1, 1, 1, 1, 1, 1, 1, 1, 1, 0], [1, 1, 0, 0, 0, 0, 0, 1, 1, 1, 1, 1, 1, 1, 0], [1, 1, 0, 0, 0, 0, 0, 0, 0, 0, 0, 1, 0, 1, 0], [1, 1, 1, 0, 0, 0, 1, 0, 0, 0, 0, 0, 0, 0, 0], [1, 1, 1, 1, 1, 1, 1, 1, 1, 1, 0, 0, 0, 0, 0], [0, 0, 1, 1, 1, 1, 1, 1, 1, 0, 0, 0, 0, 0, 0], [0, 0, 0, 1, 1, 1, 1, 1, 1, 0, 0, 0, 0, 0, 0], [0, 0, 0, 1, 1, 1, 0, 0, 1, 1, 0, 0, 0, 0, 0], [0, 0, 0, 1, 1, 1, 0, 1, 1, 1, 0, 0, 0, 0, 0], [0, 0, 0, 0, 1, 1, 0, 0, 0, 0, 0, 0, 0, 0, 0], [0, 0, 0, 0, 0, 1, 1, 1, 0, 0, 0, 0, 0, 0, 0], [0, 0, 0, 1, 1, 1, 1, 1, 1, 1, 0, 0, 0, 0, 0]]
989
568
989
568
cosnstr type <type 'int'>
cost type <type 'int'>
iteration 0
IT HAPPENED (5, 9)
Greedy cost, greedy val 595 1038
greedyMap [[1, 0, 0, 1, 1, 1, 0, 0, 1, 0, 0, 0, 0, 0, 0], [0, 0, 1, 1, 1, 1, 1, 1, 1, 1, 1, 0, 0, 0, 0], [0, 0, 1, 1, 1, 1, 1, 1, 1, 1, 1, 1, 0, 0, 0], [1, 1, 0, 1, 1, 1, 1, 1, 1, 1, 1, 1, 1, 1, 0], [1, 1, 0, 0, 0, 0, 0, 1, 1, 1, 1, 1, 1, 1, 0], [1, 1, 0, 0, 0, 0, 0, 0, 0, 0, 1, 1, 1, 1, 0], [1, 1, 1, 0, 0, 0, 1, 0, 0, 0, 0, 1, 1, 0, 0], [1, 1, 1, 1, 1, 1, 1, 1, 1, 1, 0, 0, 0, 0, 0], [0, 0, 1, 1, 1, 1, 1, 1, 1, 0, 0, 0, 0, 0, 0], [0, 0, 0, 1, 1, 1, 1, 1, 1, 0, 0, 0, 0, 0, 0], [0, 0, 0, 1, 1, 1, 0, 0, 1, 1, 0, 0, 0, 0, 0], [0, 0, 0, 1, 1, 1, 0, 1, 1, 1, 0, 0, 0, 0, 0], [0, 0, 0, 0, 1, 1, 0, 0, 0, 0, 0, 0, 0, 0, 0], [0, 0, 0, 0, 0, 1, 1, 1, 0, 0, 0, 0, 0, 0, 0], [0, 0, 0, 1, 1, 1, 1, 1, 1, 1, 0, 0, 0, 0, 0]]
1038
595
1038
595
cosnstr type <type 'int'>
cost type <type 'int'>
iteration 0
IT HAPPENED (7, 10)
Greedy cost, greedy val 622 1080
greedyMap [[1, 0, 0, 1, 1, 1, 0, 0, 1, 0, 0, 0, 0, 0, 0], [0, 0, 1, 1, 1, 1, 1, 1, 1, 1, 1, 0, 0, 0, 0], [0, 0, 1, 1, 1, 1, 1, 1, 1, 1, 1, 1, 0, 0, 0], [1, 1, 0, 1, 1, 1, 1, 1, 1, 1, 1, 1, 1, 1, 0], [1, 1, 0, 0, 0, 0, 0, 1, 1, 1, 1, 1, 1, 1, 0], [1, 1, 0, 0, 0, 0, 0, 0, 0, 1, 1, 1, 1, 1, 0], [1, 1, 1, 0, 0, 0, 1, 0, 0, 1, 1, 1, 1, 0, 0], [1, 1, 1, 1, 1, 1, 1, 1, 1, 1, 0, 0, 0, 0, 0], [0, 0, 1, 1, 1, 1, 1, 1, 1, 0, 0, 0, 0, 0, 0], [0, 0, 0, 1, 1, 1, 1, 1, 1, 0, 0, 0, 0, 0, 0], [0, 0, 0, 1, 1, 1, 0, 0, 1, 1, 0, 0, 0, 0, 0], [0, 0, 0, 1, 1, 1, 0, 1, 1, 1, 0, 0, 0, 0, 0], [0, 0, 0, 0, 1, 1, 0, 0, 0, 0, 0, 0, 0, 0, 0], [0, 0, 0, 0, 0, 1, 1, 1, 0, 0, 0, 0, 0, 0, 0], [0, 0, 0, 1, 1, 1, 1, 1, 1, 1, 0, 0, 0, 0, 0]]
1080
622
1080
622
cosnstr type <type 'int'>
cost type <type 'int'>
iteration 0
IT HAPPENED (6, 14)
Greedy cost, greedy val 649 1123
greedyMap [[1, 0, 0, 1, 1, 1, 0, 0, 1, 0, 0, 0, 0, 0, 0], [0, 0, 1, 1, 1, 1, 1, 1, 1, 1, 1, 0, 0, 0, 0], [0, 0, 1, 1, 1, 1, 1, 1, 1, 1, 1, 1, 0, 0, 0], [1, 1, 0, 1, 1, 1, 1, 1, 1, 1, 1, 1, 1, 1, 0], [1, 1, 0, 0, 0, 0, 0, 1, 1, 1, 1, 1, 1, 1, 0], [1, 1, 0, 0, 0, 0, 0, 0, 0, 1, 1, 1, 1, 1, 1], [1, 1, 1, 0, 0, 0, 1, 0, 0, 1, 1, 1, 1, 1, 0], [1, 1, 1, 1, 1, 1, 1, 1, 1, 1, 1, 0, 0, 0, 0], [0, 0, 1, 1, 1, 1, 1, 1, 1, 0, 1, 0, 0, 0, 0], [0, 0, 0, 1, 1, 1, 1, 1, 1, 0, 0, 0, 0, 0, 0], [0, 0, 0, 1, 1, 1, 0, 0, 1, 1, 0, 0, 0, 0, 0], [0, 0, 0, 1, 1, 1, 0, 1, 1, 1, 0, 0, 0, 0, 0], [0, 0, 0, 0, 1, 1, 0, 0, 0, 0, 0, 0, 0, 0, 0], [0, 0, 0, 0, 0, 1, 1, 1, 0, 0, 0, 0, 0, 0, 0], [0, 0, 0, 1, 1, 1, 1, 1, 1, 1, 0, 0, 0, 0, 0]]
1123
649
1123
649
cosnstr type <type 'int'>
cost type <type 'int'>
iteration 0
IT HAPPENED (3, 14)
Greedy cost, greedy val 670 1154
greedyMap [[1, 0, 0, 1, 1, 1, 0, 0, 1, 0, 0, 0, 0, 0, 0], [0, 0, 1, 1, 1, 1, 1, 1, 1, 1, 1, 0, 0, 0, 0], [0, 0, 1, 1, 1, 1, 1, 1, 1, 1, 1, 1, 0, 0, 0], [1, 1, 0, 1, 1, 1, 1, 1, 1, 1, 1, 1, 1, 1, 0], [1, 1, 0, 0, 0, 0, 0, 1, 1, 1, 1, 1, 1, 1, 1], [1, 1, 0, 0, 0, 0, 0, 0, 0, 1, 1, 1, 1, 1, 1], [1, 1, 1, 0, 0, 0, 1, 0, 0, 1, 1, 1, 1, 1, 1], [1, 1, 1, 1, 1, 1, 1, 1, 1, 1, 1, 0, 0, 0, 0], [0, 0, 1, 1, 1, 1, 1, 1, 1, 0, 1, 0, 0, 0, 0], [0, 0, 0, 1, 1, 1, 1, 1, 1, 0, 0, 0, 0, 0, 0], [0, 0, 0, 1, 1, 1, 0, 0, 1, 1, 0, 0, 0, 0, 0], [0, 0, 0, 1, 1, 1, 0, 1, 1, 1, 0, 0, 0, 0, 0], [0, 0, 0, 0, 1, 1, 0, 0, 0, 0, 0, 0, 0, 0, 0], [0, 0, 0, 0, 0, 1, 1, 1, 0, 0, 0, 0, 0, 0, 0], [0, 0, 0, 1, 1, 1, 1, 1, 1, 1, 0, 0, 0, 0, 0]]
1154
670
1154
670
cosnstr type <type 'int'>
cost type <type 'int'>
iteration 0
IT HAPPENED (3, 2)
Greedy cost, greedy val 694 1194
greedyMap [[1, 0, 0, 1, 1, 1, 0, 0, 1, 0, 0, 0, 0, 0, 0], [0, 0, 1, 1, 1, 1, 1, 1, 1, 1, 1, 0, 0, 0, 0], [1, 1, 1, 1, 1, 1, 1, 1, 1, 1, 1, 1, 0, 0, 0], [1, 1, 0, 1, 1, 1, 1, 1, 1, 1, 1, 1, 1, 1, 1], [1, 1, 0, 0, 0, 0, 0, 1, 1, 1, 1, 1, 1, 1, 1], [1, 1, 0, 0, 0, 0, 0, 0, 0, 1, 1, 1, 1, 1, 1], [1, 1, 1, 0, 0, 0, 1, 0, 0, 1, 1, 1, 1, 1, 1], [1, 1, 1, 1, 1, 1, 1, 1, 1, 1, 1, 0, 0, 0, 0], [0, 0, 1, 1, 1, 1, 1, 1, 1, 0, 1, 0, 0, 0, 0], [0, 0, 0, 1, 1, 1, 1, 1, 1, 0, 0, 0, 0, 0, 0], [0, 0, 0, 1, 1, 1, 0, 0, 1, 1, 0, 0, 0, 0, 0], [0, 0, 0, 1, 1, 1, 0, 1, 1, 1, 0, 0, 0, 0, 0], [0, 0, 0, 0, 1, 1, 0, 0, 0, 0, 0, 0, 0, 0, 0], [0, 0, 0, 0, 0, 1, 1, 1, 0, 0, 0, 0, 0, 0, 0], [0, 0, 0, 1, 1, 1, 1, 1, 1, 1, 0, 0, 0, 0, 0]]
1194
694
1194
694
cosnstr type <type 'int'>
cost type <type 'int'>
iteration 0
IT HAPPENED (1, 0)
Greedy cost, greedy val 721 1254
greedyMap [[1, 0, 0, 1, 1, 1, 0, 0, 1, 0, 0, 0, 0, 0, 0], [0, 0, 1, 1, 1, 1, 1, 1, 1, 1, 1, 0, 0, 0, 0], [1, 1, 1, 1, 1, 1, 1, 1, 1, 1, 1, 1, 0, 0, 0], [1, 1, 1, 1, 1, 1, 1, 1, 1, 1, 1, 1, 1, 1, 1], [1, 1, 1, 1, 0, 0, 0, 1, 1, 1, 1, 1, 1, 1, 1], [1, 1, 1, 0, 0, 0, 0, 0, 0, 1, 1, 1, 1, 1, 1], [1, 1, 1, 0, 0, 0, 1, 0, 0, 1, 1, 1, 1, 1, 1], [1, 1, 1, 1, 1, 1, 1, 1, 1, 1, 1, 0, 0, 0, 0], [0, 0, 1, 1, 1, 1, 1, 1, 1, 0, 1, 0, 0, 0, 0], [0, 0, 0, 1, 1, 1, 1, 1, 1, 0, 0, 0, 0, 0, 0], [0, 0, 0, 1, 1, 1, 0, 0, 1, 1, 0, 0, 0, 0, 0], [0, 0, 0, 1, 1, 1, 0, 1, 1, 1, 0, 0, 0, 0, 0], [0, 0, 0, 0, 1, 1, 0, 0, 0, 0, 0, 0, 0, 0, 0], [0, 0, 0, 0, 0, 1, 1, 1, 0, 0, 0, 0, 0, 0, 0], [0, 0, 0, 1, 1, 1, 1, 1, 1, 1, 0, 0, 0, 0, 0]]
1254
721
1254
721
cosnstr type <type 'int'>
cost type <type 'int'>
iteration 0
IT HAPPENED (0, 2)
Greedy cost, greedy val 743 1299
greedyMap [[1, 1, 0, 1, 1, 1, 0, 0, 1, 0, 0, 0, 0, 0, 0], [1, 1, 1, 1, 1, 1, 1, 1, 1, 1, 1, 0, 0, 0, 0], [1, 1, 1, 1, 1, 1, 1, 1, 1, 1, 1, 1, 0, 0, 0], [1, 1, 1, 1, 1, 1, 1, 1, 1, 1, 1, 1, 1, 1, 1], [1, 1, 1, 1, 0, 0, 0, 1, 1, 1, 1, 1, 1, 1, 1], [1, 1, 1, 1, 0, 0, 0, 0, 0, 1, 1, 1, 1, 1, 1], [1, 1, 1, 0, 0, 0, 1, 0, 0, 1, 1, 1, 1, 1, 1], [1, 1, 1, 1, 1, 1, 1, 1, 1, 1, 1, 0, 0, 0, 0], [0, 0, 1, 1, 1, 1, 1, 1, 1, 0, 1, 0, 0, 0, 0], [0, 0, 0, 1, 1, 1, 1, 1, 1, 0, 0, 0, 0, 0, 0], [0, 0, 0, 1, 1, 1, 0, 0, 1, 1, 0, 0, 0, 0, 0], [0, 0, 0, 1, 1, 1, 0, 1, 1, 1, 0, 0, 0, 0, 0], [0, 0, 0, 0, 1, 1, 0, 0, 0, 0, 0, 0, 0, 0, 0], [0, 0, 0, 0, 0, 1, 1, 1, 0, 0, 0, 0, 0, 0, 0], [0, 0, 0, 1, 1, 1, 1, 1, 1, 1, 0, 0, 0, 0, 0]]
1299
743
1299
743
cosnstr type <type 'int'>
cost type <type 'int'>
iteration 0
IT HAPPENED (1, 13)
Greedy cost, greedy val 769 1332
greedyMap [[1, 1, 1, 1, 1, 1, 0, 0, 1, 0, 0, 0, 0, 1, 1], [1, 1, 1, 1, 1, 1, 1, 1, 1, 1, 1, 0, 0, 0, 1], [1, 1, 1, 1, 1, 1, 1, 1, 1, 1, 1, 1, 0, 0, 0], [1, 1, 1, 1, 1, 1, 1, 1, 1, 1, 1, 1, 1, 1, 1], [1, 1, 1, 1, 0, 0, 0, 1, 1, 1, 1, 1, 1, 1, 1], [1, 1, 1, 1, 0, 0, 0, 0, 0, 1, 1, 1, 1, 1, 1], [1, 1, 1, 0, 0, 0, 1, 0, 0, 1, 1, 1, 1, 1, 1], [1, 1, 1, 1, 1, 1, 1, 1, 1, 1, 1, 0, 0, 0, 0], [0, 0, 1, 1, 1, 1, 1, 1, 1, 0, 1, 0, 0, 0, 0], [0, 0, 0, 1, 1, 1, 1, 1, 1, 0, 0, 0, 0, 0, 0], [0, 0, 0, 1, 1, 1, 0, 0, 1, 1, 0, 0, 0, 0, 0], [0, 0, 0, 1, 1, 1, 0, 1, 1, 1, 0, 0, 0, 0, 0], [0, 0, 0, 0, 1, 1, 0, 0, 0, 0, 0, 0, 0, 0, 0], [0, 0, 0, 0, 0, 1, 1, 1, 0, 0, 0, 0, 0, 0, 0], [0, 0, 0, 1, 1, 1, 1, 1, 1, 1, 0, 0, 0, 0, 0]]
1332
769
1332
769
cosnstr type <type 'int'>
cost type <type 'int'>
iteration 0
IT HAPPENED (2, 13)
Greedy cost, greedy val 790 1366
greedyMap [[1, 1, 1, 1, 1, 1, 0, 0, 1, 0, 0, 0, 0, 1, 1], [1, 1, 1, 1, 1, 1, 1, 1, 1, 1, 1, 0, 1, 1, 1], [1, 1, 1, 1, 1, 1, 1, 1, 1, 1, 1, 1, 1, 0, 0], [1, 1, 1, 1, 1, 1, 1, 1, 1, 1, 1, 1, 1, 1, 1], [1, 1, 1, 1, 0, 0, 0, 1, 1, 1, 1, 1, 1, 1, 1], [1, 1, 1, 1, 0, 0, 0, 0, 0, 1, 1, 1, 1, 1, 1], [1, 1, 1, 0, 0, 0, 1, 0, 0, 1, 1, 1, 1, 1, 1], [1, 1, 1, 1, 1, 1, 1, 1, 1, 1, 1, 0, 0, 0, 0], [0, 0, 1, 1, 1, 1, 1, 1, 1, 0, 1, 0, 0, 0, 0], [0, 0, 0, 1, 1, 1, 1, 1, 1, 0, 0, 0, 0, 0, 0], [0, 0, 0, 1, 1, 1, 0, 0, 1, 1, 0, 0, 0, 0, 0], [0, 0, 0, 1, 1, 1, 0, 1, 1, 1, 0, 0, 0, 0, 0], [0, 0, 0, 0, 1, 1, 0, 0, 0, 0, 0, 0, 0, 0, 0], [0, 0, 0, 0, 0, 1, 1, 1, 0, 0, 0, 0, 0, 0, 0], [0, 0, 0, 1, 1, 1, 1, 1, 1, 1, 0, 0, 0, 0, 0]]
1366
790
1366
790
cosnstr type <type 'int'>
cost type <type 'int'>
iteration 0
IT HAPPENED (0, 12)
Greedy cost, greedy val 818 1414
greedyMap [[1, 1, 1, 1, 1, 1, 0, 0, 1, 0, 0, 1, 0, 1, 1], [1, 1, 1, 1, 1, 1, 1, 1, 1, 1, 1, 1, 1, 1, 1], [1, 1, 1, 1, 1, 1, 1, 1, 1, 1, 1, 1, 1, 1, 0], [1, 1, 1, 1, 1, 1, 1, 1, 1, 1, 1, 1, 1, 1, 1], [1, 1, 1, 1, 0, 0, 0, 1, 1, 1, 1, 1, 1, 1, 1], [1, 1, 1, 1, 0, 0, 0, 0, 0, 1, 1, 1, 1, 1, 1], [1, 1, 1, 0, 0, 0, 1, 0, 0, 1, 1, 1, 1, 1, 1], [1, 1, 1, 1, 1, 1, 1, 1, 1, 1, 1, 0, 0, 0, 0], [0, 0, 1, 1, 1, 1, 1, 1, 1, 0, 1, 0, 0, 0, 0], [0, 0, 0, 1, 1, 1, 1, 1, 1, 0, 0, 0, 0, 0, 0], [0, 0, 0, 1, 1, 1, 0, 0, 1, 1, 0, 0, 0, 0, 0], [0, 0, 0, 1, 1, 1, 0, 1, 1, 1, 0, 0, 0, 0, 0], [0, 0, 0, 0, 1, 1, 0, 0, 0, 0, 0, 0, 0, 0, 0], [0, 0, 0, 0, 0, 1, 1, 1, 0, 0, 0, 0, 0, 0, 0], [0, 0, 0, 1, 1, 1, 1, 1, 1, 1, 0, 0, 0, 0, 0]]
1414
818
1414
818
cosnstr type <type 'int'>
cost type <type 'int'>
iteration 0
Greedy cost, greedy val 850 1455
greedyMap [[1, 1, 1, 1, 1, 1, 0, 0, 1, 0, 1, 1, 1, 1, 1], [1, 1, 1, 1, 1, 1, 1, 1, 1, 1, 1, 1, 1, 1, 1], [1, 1, 1, 1, 1, 1, 1, 1, 1, 1, 1, 1, 1, 1, 1], [1, 1, 1, 1, 1, 1, 1, 1, 1, 1, 1, 1, 1, 1, 1], [1, 1, 1, 1, 0, 0, 0, 1, 1, 1, 1, 1, 1, 1, 1], [1, 1, 1, 1, 0, 0, 0, 0, 0, 1, 1, 1, 1, 1, 1], [1, 1, 1, 0, 0, 0, 1, 0, 0, 1, 1, 1, 1, 1, 1], [1, 1, 1, 1, 1, 1, 1, 1, 1, 1, 1, 0, 0, 0, 0], [0, 0, 1, 1, 1, 1, 1, 1, 1, 0, 1, 0, 0, 0, 0], [0, 0, 0, 1, 1, 1, 1, 1, 1, 0, 0, 0, 0, 0, 0], [0, 0, 0, 1, 1, 1, 0, 0, 1, 1, 0, 0, 0, 0, 0], [0, 0, 0, 1, 1, 1, 0, 1, 1, 1, 0, 0, 0, 0, 0], [0, 0, 0, 0, 1, 1, 0, 0, 0, 0, 0, 0, 0, 0, 0], [0, 0, 0, 0, 0, 1, 1, 1, 0, 0, 0, 0, 0, 0, 0], [0, 0, 0, 1, 1, 1, 1, 1, 1, 1, 0, 0, 0, 0, 0]]
1455
850
1455
850
cosnstr type <type 'int'>
cost type <type 'int'>
iteration 0
IT HAPPENED (6, 5)
Greedy cost, greedy val 870 1484
greedyMap [[1, 1, 1, 1, 1, 1, 0, 0, 1, 0, 1, 1, 1, 1, 1], [1, 1, 1, 1, 1, 1, 1, 1, 1, 1, 1, 1, 1, 1, 1], [1, 1, 1, 1, 1, 1, 1, 1, 1, 1, 1, 1, 1, 1, 1], [1, 1, 1, 1, 1, 1, 1, 1, 1, 1, 1, 1, 1, 1, 1], [1, 1, 1, 1, 0, 0, 0, 1, 1, 1, 1, 1, 1, 1, 1], [1, 1, 1, 1, 1, 0, 0, 0, 0, 1, 1, 1, 1, 1, 1], [1, 1, 1, 1, 1, 0, 1, 0, 0, 1, 1, 1, 1, 1, 1], [1, 1, 1, 1, 1, 1, 1, 1, 1, 1, 1, 0, 0, 0, 0], [0, 0, 1, 1, 1, 1, 1, 1, 1, 0, 1, 0, 0, 0, 0], [0, 0, 0, 1, 1, 1, 1, 1, 1, 0, 0, 0, 0, 0, 0], [0, 0, 0, 1, 1, 1, 0, 0, 1, 1, 0, 0, 0, 0, 0], [0, 0, 0, 1, 1, 1, 0, 1, 1, 1, 0, 0, 0, 0, 0], [0, 0, 0, 0, 1, 1, 0, 0, 0, 0, 0, 0, 0, 0, 0], [0, 0, 0, 0, 0, 1, 1, 1, 0, 0, 0, 0, 0, 0, 0], [0, 0, 0, 1, 1, 1, 1, 1, 1, 1, 0, 0, 0, 0, 0]]
1484
870
1484
870
cosnstr type <type 'int'>
cost type <type 'int'>
iteration 0
IT HAPPENED (4, 5)
Greedy cost, greedy val 894 1513
greedyMap [[1, 1, 1, 1, 1, 1, 0, 0, 1, 0, 1, 1, 1, 1, 1], [1, 1, 1, 1, 1, 1, 1, 1, 1, 1, 1, 1, 1, 1, 1], [1, 1, 1, 1, 1, 1, 1, 1, 1, 1, 1, 1, 1, 1, 1], [1, 1, 1, 1, 1, 1, 1, 1, 1, 1, 1, 1, 1, 1, 1], [1, 1, 1, 1, 1, 0, 0, 1, 1, 1, 1, 1, 1, 1, 1], [1, 1, 1, 1, 1, 0, 0, 0, 0, 1, 1, 1, 1, 1, 1], [1, 1, 1, 1, 1, 1, 1, 0, 0, 1, 1, 1, 1, 1, 1], [1, 1, 1, 1, 1, 1, 1, 1, 1, 1, 1, 0, 0, 0, 0], [0, 0, 1, 1, 1, 1, 1, 1, 1, 0, 1, 0, 0, 0, 0], [0, 0, 0, 1, 1, 1, 1, 1, 1, 0, 0, 0, 0, 0, 0], [0, 0, 0, 1, 1, 1, 0, 0, 1, 1, 0, 0, 0, 0, 0], [0, 0, 0, 1, 1, 1, 0, 1, 1, 1, 0, 0, 0, 0, 0], [0, 0, 0, 0, 1, 1, 0, 0, 0, 0, 0, 0, 0, 0, 0], [0, 0, 0, 0, 0, 1, 1, 1, 0, 0, 0, 0, 0, 0, 0], [0, 0, 0, 1, 1, 1, 1, 1, 1, 1, 0, 0, 0, 0, 0]]
1513
894
1513
894
cosnstr type <type 'int'>
cost type <type 'int'>
iteration 0
IT HAPPENED (4, 6)
Greedy cost, greedy val 919 1548
greedyMap [[1, 1, 1, 1, 1, 1, 0, 0, 1, 0, 1, 1, 1, 1, 1], [1, 1, 1, 1, 1, 1, 1, 1, 1, 1, 1, 1, 1, 1, 1], [1, 1, 1, 1, 1, 1, 1, 1, 1, 1, 1, 1, 1, 1, 1], [1, 1, 1, 1, 1, 1, 1, 1, 1, 1, 1, 1, 1, 1, 1], [1, 1, 1, 1, 1, 1, 0, 1, 1, 1, 1, 1, 1, 1, 1], [1, 1, 1, 1, 1, 1, 1, 0, 0, 1, 1, 1, 1, 1, 1], [1, 1, 1, 1, 1, 1, 1, 0, 0, 1, 1, 1, 1, 1, 1], [1, 1, 1, 1, 1, 1, 1, 1, 1, 1, 1, 0, 0, 0, 0], [0, 0, 1, 1, 1, 1, 1, 1, 1, 0, 1, 0, 0, 0, 0], [0, 0, 0, 1, 1, 1, 1, 1, 1, 0, 0, 0, 0, 0, 0], [0, 0, 0, 1, 1, 1, 0, 0, 1, 1, 0, 0, 0, 0, 0], [0, 0, 0, 1, 1, 1, 0, 1, 1, 1, 0, 0, 0, 0, 0], [0, 0, 0, 0, 1, 1, 0, 0, 0, 0, 0, 0, 0, 0, 0], [0, 0, 0, 0, 0, 1, 1, 1, 0, 0, 0, 0, 0, 0, 0], [0, 0, 0, 1, 1, 1, 1, 1, 1, 1, 0, 0, 0, 0, 0]]
1548
919
1548
919
cosnstr type <type 'int'>
cost type <type 'int'>
iteration 0
IT HAPPENED (6, 7)
Greedy cost, greedy val 939 1586
greedyMap [[1, 1, 1, 1, 1, 1, 0, 0, 1, 0, 1, 1, 1, 1, 1], [1, 1, 1, 1, 1, 1, 1, 1, 1, 1, 1, 1, 1, 1, 1], [1, 1, 1, 1, 1, 1, 1, 1, 1, 1, 1, 1, 1, 1, 1], [1, 1, 1, 1, 1, 1, 1, 1, 1, 1, 1, 1, 1, 1, 1], [1, 1, 1, 1, 1, 1, 1, 1, 1, 1, 1, 1, 1, 1, 1], [1, 1, 1, 1, 1, 1, 1, 1, 1, 1, 1, 1, 1, 1, 1], [1, 1, 1, 1, 1, 1, 1, 0, 0, 1, 1, 1, 1, 1, 1], [1, 1, 1, 1, 1, 1, 1, 1, 1, 1, 1, 0, 0, 0, 0], [0, 0, 1, 1, 1, 1, 1, 1, 1, 0, 1, 0, 0, 0, 0], [0, 0, 0, 1, 1, 1, 1, 1, 1, 0, 0, 0, 0, 0, 0], [0, 0, 0, 1, 1, 1, 0, 0, 1, 1, 0, 0, 0, 0, 0], [0, 0, 0, 1, 1, 1, 0, 1, 1, 1, 0, 0, 0, 0, 0], [0, 0, 0, 0, 1, 1, 0, 0, 0, 0, 0, 0, 0, 0, 0], [0, 0, 0, 0, 0, 1, 1, 1, 0, 0, 0, 0, 0, 0, 0], [0, 0, 0, 1, 1, 1, 1, 1, 1, 1, 0, 0, 0, 0, 0]]
1586
939
1586
939
cosnstr type <type 'int'>
cost type <type 'int'>
iteration 0
Greedy cost, greedy val 975 1639
greedyMap [[1, 1, 1, 1, 1, 1, 0, 0, 1, 0, 1, 1, 1, 1, 1], [1, 1, 1, 1, 1, 1, 1, 1, 1, 1, 1, 1, 1, 1, 1], [1, 1, 1, 1, 1, 1, 1, 1, 1, 1, 1, 1, 1, 1, 1], [1, 1, 1, 1, 1, 1, 1, 1, 1, 1, 1, 1, 1, 1, 1], [1, 1, 1, 1, 1, 1, 1, 1, 1, 1, 1, 1, 1, 1, 1], [1, 1, 1, 1, 1, 1, 1, 1, 1, 1, 1, 1, 1, 1, 1], [1, 1, 1, 1, 1, 1, 1, 1, 1, 1, 1, 1, 1, 1, 1], [1, 1, 1, 1, 1, 1, 1, 1, 1, 1, 1, 0, 0, 0, 0], [0, 0, 1, 1, 1, 1, 1, 1, 1, 1, 1, 0, 0, 0, 0], [0, 0, 0, 1, 1, 1, 1, 1, 1, 0, 0, 0, 0, 0, 0], [0, 0, 0, 1, 1, 1, 0, 0, 1, 1, 0, 0, 0, 0, 0], [0, 0, 0, 1, 1, 1, 0, 1, 1, 1, 0, 0, 0, 0, 0], [0, 0, 0, 0, 1, 1, 0, 0, 0, 0, 0, 0, 0, 0, 0], [0, 0, 0, 0, 0, 1, 1, 1, 0, 0, 0, 0, 0, 0, 0], [0, 0, 0, 1, 1, 1, 1, 1, 1, 1, 0, 0, 0, 0, 0]]
1639
975
1639
975
cosnstr type <type 'int'>
cost type <type 'int'>
iteration 0
IT HAPPENED (7, 12)
Greedy cost, greedy val 994 1669
greedyMap [[1, 1, 1, 1, 1, 1, 0, 0, 1, 0, 1, 1, 1, 1, 1], [1, 1, 1, 1, 1, 1, 1, 1, 1, 1, 1, 1, 1, 1, 1], [1, 1, 1, 1, 1, 1, 1, 1, 1, 1, 1, 1, 1, 1, 1], [1, 1, 1, 1, 1, 1, 1, 1, 1, 1, 1, 1, 1, 1, 1], [1, 1, 1, 1, 1, 1, 1, 1, 1, 1, 1, 1, 1, 1, 1], [1, 1, 1, 1, 1, 1, 1, 1, 1, 1, 1, 1, 1, 1, 1], [1, 1, 1, 1, 1, 1, 1, 1, 1, 1, 1, 1, 1, 1, 1], [1, 1, 1, 1, 1, 1, 1, 1, 1, 1, 1, 1, 0, 0, 0], [0, 0, 1, 1, 1, 1, 1, 1, 1, 1, 1, 1, 1, 0, 0], [0, 0, 0, 1, 1, 1, 1, 1, 1, 0, 0, 0, 0, 0, 0], [0, 0, 0, 1, 1, 1, 0, 0, 1, 1, 0, 0, 0, 0, 0], [0, 0, 0, 1, 1, 1, 0, 1, 1, 1, 0, 0, 0, 0, 0], [0, 0, 0, 0, 1, 1, 0, 0, 0, 0, 0, 0, 0, 0, 0], [0, 0, 0, 0, 0, 1, 1, 1, 0, 0, 0, 0, 0, 0, 0], [0, 0, 0, 1, 1, 1, 1, 1, 1, 1, 0, 0, 0, 0, 0]]
1669
994
1669
994
cosnstr type <type 'int'>
cost type <type 'int'>
iteration 0
IT HAPPENED (7, 13)
Greedy cost, greedy val 1018 1709
greedyMap [[1, 1, 1, 1, 1, 1, 0, 0, 1, 0, 1, 1, 1, 1, 1], [1, 1, 1, 1, 1, 1, 1, 1, 1, 1, 1, 1, 1, 1, 1], [1, 1, 1, 1, 1, 1, 1, 1, 1, 1, 1, 1, 1, 1, 1], [1, 1, 1, 1, 1, 1, 1, 1, 1, 1, 1, 1, 1, 1, 1], [1, 1, 1, 1, 1, 1, 1, 1, 1, 1, 1, 1, 1, 1, 1], [1, 1, 1, 1, 1, 1, 1, 1, 1, 1, 1, 1, 1, 1, 1], [1, 1, 1, 1, 1, 1, 1, 1, 1, 1, 1, 1, 1, 1, 1], [1, 1, 1, 1, 1, 1, 1, 1, 1, 1, 1, 1, 1, 0, 0], [0, 0, 1, 1, 1, 1, 1, 1, 1, 1, 1, 1, 1, 1, 1], [0, 0, 0, 1, 1, 1, 1, 1, 1, 0, 0, 0, 1, 0, 0], [0, 0, 0, 1, 1, 1, 0, 0, 1, 1, 0, 0, 0, 0, 0], [0, 0, 0, 1, 1, 1, 0, 1, 1, 1, 0, 0, 0, 0, 0], [0, 0, 0, 0, 1, 1, 0, 0, 0, 0, 0, 0, 0, 0, 0], [0, 0, 0, 0, 0, 1, 1, 1, 0, 0, 0, 0, 0, 0, 0], [0, 0, 0, 1, 1, 1, 1, 1, 1, 1, 0, 0, 0, 0, 0]]
1709
1018
1709
1018
cosnstr type <type 'int'>
cost type <type 'int'>
iteration 0
(1697, 1018, 'g')
iteration 1
(1596, 966, 'g')
iteration 1
(1646, 990, 'g')
iteration 1
(1528, 893, 'g')
iteration 1
(1564, 946, 'g')
iteration 1
(1566, 917, 'g')
iteration 1
(1396, 847, 'g')
iteration 1
(1304, 770, 'g')
iteration 1
(1445, 866, 'g')
iteration 1
(1367, 814, 'g')
iteration 1
(1271, 750, 'g')
iteration 1
(1239, 720, 'g')
iteration 1
(1322, 795, 'g')
iteration 1
(1194, 692, 'g')
iteration 1
(971, 548, 'g')
iteration 1
(1071, 620, 'g')
iteration 1
(1113, 648, 'g')
iteration 1
(1018, 566, 'g')
iteration 1
(1159, 671, 'g')
iteration 1
(1050, 591, 'g')
iteration 1
(1765, 1015, 'g')
iteration 2
(1583, 923, 'g')
iteration 2
(1542, 900, 'g')
iteration 2
(1475, 847, 'g')
iteration 2
(1719, 998, 'g')
iteration 2
(1673, 974, 'g')
iteration 2
(1337, 767, 'g')
iteration 2
(1520, 871, 'g')
iteration 2
(1542, 900, 'g')
iteration 3
(1627, 940, 'g')
iteration 2
(1286, 742, 'g')
iteration 2
(1417, 819, 'g')
iteration 2
(1395, 794, 'g')
iteration 2
(1260, 722, 'g')
iteration 2
(1219, 695, 'g')
iteration 2
(975, 543, 'g')
iteration 2
(1153, 649, 'g')
iteration 2
(1475, 847, 'g')
iteration 3
(1031, 567, 'g')
iteration 2
(1185, 673, 'g')
iteration 2
(1107, 622, 'g')
iteration 2
(1067, 592, 'g')
iteration 2
(1302, 742, 'g')
iteration 3
(1358, 767, 'g')
iteration 3
(1771, 1017, 'g')
iteration 3
(1521, 871, 'g')
iteration 3
(1588, 919, 'g')
iteration 3
(1639, 946, 'g')
iteration 3
(1732, 992, 'g')
iteration 3
(988, 541, 'g')
iteration 3
(1031, 567, 'g')
iteration 3
(1408, 799, 'g')
iteration 3
(1684, 974, 'g')
iteration 3
(1521, 871, 'g')
iteration 4
(1542, 900, 'g')
iteration 4
(1429, 821, 'g')
iteration 3
(1227, 696, 'g')
iteration 3
(1260, 722, 'g')
iteration 3
(1067, 592, 'g')
iteration 3
(1475, 847, 'g')
iteration 4
(1153, 649, 'g')
iteration 3
(1302, 742, 'g')
iteration 4
(1107, 622, 'g')
iteration 3
(1358, 767, 'g')
iteration 4
(1639, 946, 'g')
iteration 4
(1771, 1017, 'g')
iteration 4
(1595, 924, 'g')
iteration 4
(1260, 722, 'g')
iteration 4
(1732, 992, 'g')
iteration 4
(1260, 722, 'g')
iteration 5
(1185, 673, 'g')
iteration 3
(1031, 567, 'g')
iteration 4
(988, 541, 'g')
iteration 4
(1408, 799, 'g')
iteration 4
(1260, 722, 'g')
iteration 6
(1684, 974, 'g')
iteration 4
(1521, 871, 'g')
iteration 5
(1542, 900, 'g')
iteration 5
(1429, 821, 'g')
iteration 4
(1260, 722, 'g')
iteration 7
(1227, 696, 'g')
iteration 4
(1260, 722, 'g')
iteration 8
(1067, 592, 'g')
iteration 4
(1475, 847, 'g')
iteration 5
(1153, 649, 'g')
iteration 4
(1260, 722, 'g')
iteration 9
(1302, 742, 'g')
iteration 5
(1107, 622, 'g')
iteration 4
(1358, 767, 'g')
iteration 5
(1639, 946, 'g')
iteration 5
(1771, 1017, 'g')
iteration 5
(1260, 722, 'g')
iteration 10
(1595, 924, 'g')
iteration 5
(1260, 722, 'g')
iteration 11
(1732, 992, 'g')
iteration 5
(1260, 722, 'g')
iteration 12
(1031, 567, 'g')
iteration 5
(1408, 799, 'g')
iteration 5
(988, 541, 'g')
iteration 5
(1684, 974, 'g')
iteration 5
(1521, 871, 'g')
iteration 6
(1542, 900, 'g')
iteration 6
(1260, 722, 'g')
iteration 13
(1429, 821, 'g')
iteration 5
(1227, 696, 'g')
iteration 5
(1260, 722, 'g')
iteration 14
(1074, 598, 'p')
iteration 5
(1475, 847, 'g')
iteration 6
(1260, 722, 'g')
[(1260, 722, 'g'), (1255, 720, 'm'), (1252, 716, 'm'), (1239, 720, 'g'), (784, 721, 'r'), (780, 715, 'r'), (771, 724, 'r'), (771, 709, 'r'), (768, 724, 'r'), (760, 723, 'r'), (758, 715, 'r'), (754, 704, 'r'), (751, 718, 'r'), (749, 710, 'r'), (748, 724, 'r')]
time:  16237.402
constraint 725
([[1, 1, 0, 1, 1, 1, 0, 0, 1, 0, 0, 0, 0, 0, 1], [1, 1, 1, 1, 1, 1, 1, 1, 1, 1, 1, 0, 0, 0, 1], [1, 1, 1, 1, 1, 1, 1, 1, 1, 1, 1, 1, 0, 0, 0], [1, 0, 1, 1, 1, 1, 1, 1, 1, 1, 1, 0, 0, 1, 0], [0, 0, 0, 1, 0, 0, 1, 1, 0, 1, 1, 0, 0, 0, 0], [0, 0, 0, 1, 1, 1, 1, 0, 0, 0, 0, 0, 0, 0, 0], [0, 0, 0, 0, 0, 0, 1, 0, 0, 0, 0, 0, 0, 0, 0], [0, 1, 0, 0, 0, 1, 1, 1, 1, 1, 0, 0, 0, 0, 0], [1, 0, 0, 1, 0, 1, 1, 1, 1, 0, 0, 0, 0, 0, 1], [1, 0, 0, 1, 0, 0, 0, 1, 1, 0, 0, 1, 1, 0, 1], [0, 0, 0, 1, 1, 0, 0, 1, 1, 0, 0, 1, 1, 0, 0], [0, 0, 1, 1, 1, 1, 0, 1, 1, 0, 0, 1, 1, 0, 1], [1, 1, 1, 1, 1, 1, 0, 1, 1, 1, 1, 1, 1, 1, 1], [1, 1, 1, 1, 1, 1, 1, 1, 1, 1, 1, 1, 1, 1, 1], [0, 0, 0, 0, 1, 1, 1, 1, 1, 1, 1, 1, 1, 0, 1]], 1260, 722, 'g')
(1302, 742, 'g')
iteration 6
(1107, 622, 'g')
iteration 5
(1358, 767, 'g')
iteration 6
(1639, 946, 'g')
iteration 6
(1771, 1017, 'g')
iteration 6
(1595, 924, 'g')
iteration 6
(1185, 673, 'g')
iteration 4
(1732, 992, 'g')
iteration 6
(1153, 649, 'g')
iteration 5
(1031, 567, 'g')
iteration 6
(1408, 799, 'g')
iteration 6
(1001, 550, 'p')
iteration 6
(1521, 871, 'g')
iteration 7
(1684, 974, 'g')
iteration 6
(1542, 900, 'g')
iteration 7
(1429, 821, 'g')
iteration 6
(1230, 700, 'p')
iteration 6
(1074, 598, 'p')
iteration 6
(1475, 847, 'g')
iteration 7
(1302, 742, 'g')
iteration 7
(1107, 622, 'g')
iteration 6
(1358, 767, 'g')
iteration 7
(1639, 946, 'g')
iteration 7
(1771, 1017, 'g')
iteration 7
(1595, 924, 'g')
iteration 7
(1732, 992, 'g')
iteration 7
(1153, 649, 'g')
iteration 6
(1001, 550, 'p')
iteration 7
(1185, 673, 'g')
iteration 5
(1031, 567, 'g')
iteration 7
(1408, 799, 'g')
iteration 7
(1521, 871, 'g')
iteration 8
(1684, 974, 'g')
iteration 7
(1001, 550, 'p')
iteration 8
(1542, 900, 'g')
iteration 8
(1429, 821, 'g')
iteration 7
(1001, 550, 'p')
iteration 9
(1230, 700, 'p')
iteration 7
(1001, 550, 'p')
iteration 10
(1001, 550, 'p')
iteration 11
(1075, 598, 'p')
iteration 7
(1001, 550, 'p')
iteration 12
(1475, 847, 'g')
iteration 8
(1302, 742, 'g')
iteration 8
(1001, 550, 'p')
iteration 13
(1108, 623, 'g')
iteration 7
(1358, 767, 'g')
iteration 8
(1001, 550, 'p')
iteration 14
(1639, 946, 'g')
iteration 8
(1771, 1017, 'g')
iteration 8
(1001, 550, 'p')
[(1001, 550, 'p'), (1000, 550, 'p'), (998, 548, 'g'), (998, 549, 'm'), (988, 541, 'g'), (982, 547, 'p'), (981, 547, 'g'), (975, 543, 'g'), (971, 548, 'g'), (528, 550, 'r'), (515, 544, 'r'), (510, 542, 'r'), (507, 544, 'r'), (504, 531, 'r'), (502, 546, 'r')]
time:  21684.4229999
constraint 550
([[1, 0, 0, 1, 1, 1, 0, 0, 1, 0, 0, 0, 0, 0, 0], [0, 0, 1, 1, 1, 1, 1, 1, 1, 1, 1, 0, 0, 0, 0], [0, 0, 1, 1, 1, 0, 1, 1, 1, 1, 1, 1, 0, 0, 0], [0, 0, 0, 1, 1, 0, 0, 1, 1, 1, 1, 0, 0, 0, 0], [0, 1, 0, 1, 0, 0, 0, 0, 0, 1, 1, 0, 0, 0, 0], [1, 1, 0, 1, 0, 0, 0, 0, 0, 0, 0, 0, 0, 1, 1], [1, 1, 0, 0, 0, 0, 1, 0, 0, 0, 0, 1, 1, 1, 1], [0, 1, 0, 0, 0, 0, 1, 1, 1, 1, 0, 0, 0, 0, 0], [0, 0, 0, 1, 0, 0, 1, 1, 1, 0, 0, 0, 0, 0, 0], [0, 0, 0, 1, 0, 0, 1, 1, 1, 0, 0, 1, 1, 0, 0], [0, 0, 0, 1, 1, 0, 0, 0, 1, 1, 0, 1, 1, 0, 0], [0, 0, 0, 1, 1, 1, 0, 0, 1, 0, 0, 1, 1, 0, 1], [0, 0, 0, 0, 1, 1, 0, 0, 0, 1, 1, 1, 1, 1, 1], [0, 0, 0, 0, 0, 1, 1, 1, 0, 1, 1, 1, 1, 1, 1], [0, 0, 0, 1, 1, 1, 1, 1, 1, 1, 1, 1, 1, 0, 1]], 1001, 550, 'p')
(1595, 924, 'g')
iteration 8
(1230, 700, 'p')
iteration 8
(1230, 700, 'p')
iteration 9
(1732, 992, 'g')
iteration 8
(1153, 649, 'g')
iteration 7
(1230, 700, 'p')
iteration 10
(1185, 673, 'g')
iteration 6
(1031, 567, 'g')
iteration 8
(1230, 700, 'p')
iteration 11
(1408, 799, 'g')
iteration 8
(1521, 871, 'g')
iteration 9
(1684, 974, 'g')
iteration 8
(1542, 900, 'g')
iteration 9
(1230, 700, 'p')
iteration 12
(1429, 821, 'g')
iteration 8
(1230, 700, 'p')
iteration 13
(1230, 700, 'p')
iteration 14
(1082, 599, 'g')
iteration 8
(1230, 700, 'p')
[(1230, 700, 'p'), (1227, 696, 'g'), (1224, 691, 'g'), (1219, 695, 'g'), (1194, 692, 'g'), (1180, 688, 'p'), (765, 694, 'r'), (754, 642, 'r'), (749, 690, 'r'), (747, 685, 'r'), (732, 700, 'r'), (730, 688, 'r'), (726, 700, 'r'), (717, 683, 'r'), (711, 691, 'r')]
time:  23097.7419999
constraint 700
([[1, 1, 0, 1, 1, 1, 0, 0, 1, 0, 0, 1, 1, 1, 1], [1, 1, 1, 1, 1, 1, 1, 1, 1, 1, 1, 1, 1, 1, 1], [1, 1, 1, 1, 1, 1, 1, 1, 1, 1, 1, 1, 1, 1, 0], [1, 1, 1, 1, 1, 1, 0, 0, 0, 0, 1, 1, 1, 1, 0], [1, 1, 1, 1, 0, 0, 0, 1, 0, 0, 1, 1, 1, 1, 0], [1, 1, 0, 0, 0, 0, 0, 0, 0, 0, 0, 1, 1, 1, 1], [1, 1, 0, 0, 0, 0, 1, 0, 0, 0, 0, 1, 1, 1, 1], [0, 1, 0, 0, 0, 1, 1, 1, 1, 0, 0, 0, 0, 0, 0], [0, 0, 0, 1, 0, 1, 1, 1, 0, 0, 0, 0, 0, 0, 0], [0, 0, 0, 1, 0, 0, 0, 0, 0, 0, 0, 0, 0, 0, 0], [0, 0, 0, 1, 1, 0, 0, 0, 0, 0, 0, 0, 1, 0, 0], [0, 0, 0, 1, 1, 1, 0, 1, 1, 0, 0, 1, 1, 0, 1], [0, 0, 0, 0, 0, 1, 0, 0, 0, 1, 1, 1, 1, 1, 1], [0, 0, 0, 0, 0, 1, 1, 1, 0, 1, 1, 1, 1, 1, 1], [0, 0, 0, 0, 1, 1, 1, 1, 1, 1, 1, 1, 1, 1, 1]], 1230, 700, 'p')
(1475, 847, 'g')
iteration 9
(1302, 742, 'g')
iteration 9
(1108, 623, 'g')
iteration 8
(1358, 767, 'g')
iteration 9
(1639, 946, 'g')
iteration 9
(1771, 1017, 'g')
iteration 9
(1595, 924, 'g')
iteration 9
(1188, 673, 'g')
iteration 7
(1732, 992, 'g')
iteration 9
(1153, 649, 'g')
iteration 8
(1031, 567, 'g')
iteration 9
(1408, 799, 'g')
iteration 9
(1521, 871, 'g')
iteration 10
(1684, 974, 'g')
iteration 9
(1542, 900, 'g')
iteration 10
(1429, 821, 'g')
iteration 9
(1190, 675, 'g')
iteration 8
(1082, 599, 'g')
iteration 9
(1475, 847, 'g')
iteration 10
(1302, 742, 'g')
iteration 10
(1108, 623, 'g')
iteration 9
(1358, 767, 'g')
iteration 10
(1639, 946, 'g')
iteration 10
(1771, 1017, 'g')
iteration 10
(1595, 924, 'g')
iteration 10
(1732, 992, 'g')
iteration 10
(1153, 649, 'g')
iteration 9
(1031, 567, 'g')
iteration 10
(1408, 799, 'g')
iteration 10
(1521, 871, 'g')
iteration 11
(1684, 974, 'g')
iteration 10
(1542, 900, 'g')
iteration 11
(1429, 821, 'g')
iteration 10
(1082, 599, 'g')
iteration 10
(1475, 847, 'g')
iteration 11
(1302, 742, 'g')
iteration 11
(1108, 623, 'g')
iteration 10
(1358, 767, 'g')
iteration 11
(1639, 946, 'g')
iteration 11
(1771, 1017, 'g')
iteration 11
(1595, 924, 'g')
iteration 11
(1732, 992, 'g')
iteration 11
(1153, 649, 'g')
iteration 10
(1031, 567, 'g')
iteration 11
(1408, 799, 'g')
iteration 11
(1521, 871, 'g')
iteration 12
(1684, 974, 'g')
iteration 11
(1542, 900, 'g')
iteration 12
(1190, 675, 'g')
iteration 9
(1429, 821, 'g')
iteration 11
(1082, 599, 'g')
iteration 11
(1475, 847, 'g')
iteration 12
(1302, 742, 'g')
iteration 12
(1108, 623, 'g')
iteration 11
(1358, 767, 'g')
iteration 12
(1639, 946, 'g')
iteration 12
(1771, 1017, 'g')
iteration 12
(1595, 924, 'g')
iteration 12
(1732, 992, 'g')
iteration 12
(1153, 649, 'g')
iteration 11
(1031, 567, 'g')
iteration 12
(1408, 799, 'g')
iteration 12
(1521, 871, 'g')
iteration 13
(1684, 974, 'g')
iteration 12
(1542, 900, 'g')
iteration 13
(1429, 821, 'g')
iteration 12
(1082, 599, 'g')
iteration 12
(1475, 847, 'g')
iteration 13
(1302, 742, 'g')
iteration 13
(1108, 623, 'g')
iteration 12
(1358, 767, 'g')
iteration 13
(1639, 946, 'g')
iteration 13
(1771, 1017, 'g')
iteration 13
(1595, 924, 'g')
iteration 13
(1732, 992, 'g')
iteration 13
(1190, 675, 'g')
iteration 10
(1153, 649, 'g')
iteration 12
(1031, 567, 'g')
iteration 13
(1408, 799, 'g')
iteration 13
(1521, 871, 'g')
iteration 14
(1684, 974, 'g')
iteration 13
(1542, 900, 'g')
iteration 14
(1429, 821, 'g')
iteration 13
(1082, 599, 'g')
iteration 13
(1475, 847, 'g')
iteration 14
(1302, 742, 'g')
iteration 14
(1108, 623, 'g')
iteration 13
(1358, 767, 'g')
iteration 14
(1639, 946, 'g')
iteration 14
(1771, 1017, 'g')
iteration 14
(1595, 924, 'g')
iteration 14
(1732, 992, 'g')
iteration 14
(1153, 649, 'g')
iteration 13
(1031, 567, 'g')
iteration 14
(1408, 799, 'g')
iteration 14
(1521, 871, 'g')
[(1521, 871, 'g'), (1520, 871, 'g'), (1495, 864, 'g'), (1489, 866, 'm'), (1445, 866, 'g'), (1055, 874, 'r'), (1055, 859, 'r'), (1050, 875, 'r'), (1045, 871, 'r'), (1038, 864, 'r'), (1028, 837, 'r'), (1027, 863, 'r'), (1012, 869, 'r'), (1005, 858, 'r'), (1004, 871, 'r')]
time:  34954.0679998
constraint 875
([[1, 1, 0, 1, 1, 1, 1, 1, 1, 0, 0, 1, 1, 1, 1], [1, 1, 1, 1, 1, 0, 1, 1, 1, 1, 1, 1, 1, 1, 1], [1, 1, 1, 1, 1, 0, 1, 1, 1, 1, 1, 1, 1, 1, 0], [1, 1, 1, 1, 1, 0, 0, 0, 0, 0, 1, 1, 1, 1, 1], [1, 1, 1, 1, 0, 0, 0, 0, 0, 0, 1, 1, 1, 1, 1], [1, 1, 0, 0, 0, 0, 0, 0, 0, 0, 0, 1, 1, 1, 1], [1, 1, 0, 0, 0, 0, 1, 0, 0, 0, 0, 1, 1, 1, 1], [1, 1, 0, 0, 0, 1, 1, 1, 1, 1, 1, 1, 1, 1, 0], [1, 0, 0, 1, 0, 1, 1, 1, 1, 1, 1, 1, 1, 1, 1], [0, 0, 0, 1, 0, 0, 1, 1, 1, 1, 0, 1, 1, 0, 0], [0, 0, 0, 1, 1, 0, 0, 0, 1, 1, 0, 1, 1, 0, 0], [0, 0, 0, 1, 1, 1, 0, 0, 1, 0, 0, 1, 1, 0, 1], [0, 0, 0, 0, 1, 1, 0, 0, 0, 1, 1, 1, 1, 1, 1], [0, 0, 0, 0, 0, 1, 1, 1, 0, 1, 1, 1, 1, 1, 1], [0, 0, 0, 1, 1, 1, 1, 1, 1, 1, 1, 1, 1, 1, 1]], 1521, 871, 'g')
(1684, 974, 'g')
iteration 14
(1542, 900, 'g')
[(1542, 900, 'g'), (1540, 893, 'g'), (1540, 894, 'g'), (1539, 892, 'g'), (1531, 900, 'p'), (1528, 893, 'g'), (1093, 898, 'r'), (1082, 885, 'r'), (1080, 898, 'r'), (1068, 900, 'r'), (1066, 882, 'r'), (1065, 876, 'r'), (1045, 895, 'r'), (1040, 876, 'r'), (1037, 900, 'r')]
time:  35024.9119999
constraint 900
([[1, 1, 0, 1, 1, 1, 0, 0, 0, 0, 0, 1, 1, 1, 1], [1, 1, 1, 1, 1, 0, 0, 1, 0, 0, 1, 1, 1, 1, 1], [1, 1, 1, 1, 1, 0, 0, 1, 1, 1, 1, 1, 1, 1, 0], [1, 1, 1, 1, 1, 0, 0, 1, 1, 1, 1, 1, 1, 1, 1], [1, 1, 1, 1, 1, 0, 0, 0, 0, 1, 1, 1, 1, 1, 1], [1, 1, 1, 1, 1, 0, 0, 0, 0, 1, 1, 1, 1, 1, 1], [1, 1, 0, 1, 1, 0, 0, 0, 0, 1, 1, 1, 1, 0, 0], [1, 1, 0, 1, 1, 1, 1, 1, 1, 1, 0, 0, 0, 0, 0], [0, 0, 0, 1, 1, 1, 1, 1, 1, 0, 0, 0, 0, 0, 0], [0, 0, 0, 1, 1, 1, 1, 1, 1, 0, 0, 0, 0, 0, 0], [0, 0, 0, 1, 1, 1, 1, 1, 1, 1, 1, 0, 0, 1, 0], [0, 0, 1, 1, 1, 1, 1, 1, 1, 0, 0, 1, 1, 1, 1], [1, 1, 1, 1, 1, 1, 1, 0, 0, 1, 1, 1, 1, 1, 1], [1, 1, 1, 0, 0, 0, 1, 1, 0, 1, 1, 1, 1, 1, 1], [0, 0, 0, 0, 1, 1, 1, 1, 1, 1, 1, 1, 1, 0, 1]], 1542, 900, 'g')
(1429, 821, 'g')
iteration 14
(1082, 599, 'g')
iteration 14
(1475, 847, 'g')
[(1475, 847, 'g'), (1474, 845, 'g'), (1458, 850, 'g'), (1454, 850, 'g'), (1405, 847, 'p'), (1396, 847, 'g'), (1376, 841, 'p'), (1024, 849, 'r'), (1016, 836, 'r'), (995, 848, 'r'), (985, 832, 'r'), (966, 827, 'r'), (962, 850, 'r'), (961, 849, 'r'), (958, 840, 'r')]
time:  35696.0970001
constraint 850
([[1, 1, 0, 0, 0, 0, 0, 0, 1, 0, 0, 1, 1, 1, 1], [1, 1, 0, 0, 0, 0, 0, 1, 1, 1, 1, 1, 1, 1, 1], [1, 0, 0, 0, 0, 0, 0, 1, 1, 1, 1, 1, 1, 1, 0], [0, 0, 0, 1, 1, 1, 1, 1, 1, 1, 1, 1, 1, 1, 0], [0, 1, 0, 1, 1, 1, 1, 1, 1, 1, 1, 1, 1, 1, 0], [0, 1, 1, 1, 1, 0, 1, 1, 1, 1, 1, 1, 1, 1, 0], [0, 1, 1, 0, 0, 0, 1, 0, 0, 1, 1, 1, 1, 1, 0], [0, 1, 1, 0, 0, 1, 1, 1, 1, 1, 1, 1, 1, 1, 0], [0, 0, 1, 1, 0, 1, 1, 1, 1, 1, 1, 1, 1, 1, 1], [0, 0, 0, 1, 0, 0, 1, 1, 1, 0, 0, 0, 1, 0, 0], [0, 0, 0, 1, 1, 0, 0, 1, 1, 0, 0, 0, 0, 0, 0], [0, 0, 1, 1, 1, 1, 0, 1, 1, 0, 0, 1, 0, 0, 1], [0, 1, 1, 1, 1, 1, 0, 1, 1, 1, 1, 1, 1, 1, 1], [0, 0, 1, 0, 0, 1, 1, 1, 1, 1, 1, 1, 1, 1, 1], [0, 0, 0, 0, 1, 1, 1, 1, 1, 1, 1, 1, 1, 1, 1]], 1475, 847, 'g')
(1302, 742, 'g')
[(1302, 742, 'g'), (1294, 746, 'g'), (1289, 744, 'm'), (1286, 742, 'g'), (1271, 750, 'g'), (833, 731, 'r'), (831, 736, 'r'), (829, 743, 'r'), (829, 741, 'r'), (828, 750, 'r'), (826, 738, 'r'), (802, 741, 'r'), (795, 747, 'r'), (793, 747, 'r'), (789, 748, 'r')]
time:  35871.5900002
constraint 750
([[1, 1, 0, 1, 1, 1, 0, 0, 1, 0, 0, 0, 0, 0, 0], [1, 1, 1, 1, 1, 1, 1, 1, 1, 1, 1, 0, 0, 0, 0], [1, 1, 1, 1, 1, 0, 0, 1, 1, 1, 1, 1, 0, 0, 0], [1, 1, 1, 1, 1, 0, 0, 0, 1, 1, 1, 1, 0, 0, 0], [0, 1, 1, 1, 1, 0, 0, 0, 1, 1, 1, 1, 1, 0, 0], [0, 1, 1, 1, 1, 1, 1, 0, 0, 1, 1, 1, 1, 1, 0], [0, 1, 0, 0, 0, 0, 1, 0, 0, 0, 0, 1, 1, 1, 0], [0, 1, 0, 0, 0, 0, 1, 1, 1, 1, 0, 0, 0, 1, 0], [0, 0, 0, 1, 1, 1, 1, 1, 1, 0, 0, 0, 1, 1, 1], [0, 0, 0, 1, 1, 0, 0, 1, 1, 0, 0, 0, 1, 0, 0], [0, 0, 0, 1, 1, 1, 0, 1, 1, 0, 0, 0, 1, 0, 0], [0, 0, 0, 1, 1, 1, 0, 1, 1, 0, 0, 1, 1, 0, 1], [1, 1, 1, 0, 0, 1, 1, 1, 1, 1, 1, 1, 1, 1, 1], [0, 1, 0, 0, 0, 1, 1, 1, 1, 1, 1, 1, 1, 1, 1], [0, 0, 0, 0, 1, 1, 1, 1, 1, 1, 1, 1, 1, 0, 1]], 1302, 742, 'g')
(1108, 623, 'g')
iteration 14
(1358, 767, 'g')
[(1358, 767, 'g'), (1353, 768, 'g'), (1347, 775, 'm'), (1337, 767, 'g'), (1304, 770, 'g'), (898, 771, 'r'), (863, 770, 'r'), (859, 743, 'r'), (851, 775, 'r'), (845, 750, 'r'), (845, 775, 'r'), (844, 759, 'r'), (833, 760, 'r'), (829, 766, 'r'), (825, 765, 'r')]
time:  35965.642
constraint 775
([[1, 1, 0, 1, 1, 1, 0, 0, 1, 0, 0, 0, 0, 1, 1], [1, 1, 1, 1, 1, 1, 1, 1, 1, 0, 0, 0, 0, 0, 1], [1, 1, 1, 1, 1, 1, 1, 1, 1, 1, 1, 1, 0, 0, 0], [1, 1, 1, 1, 1, 1, 1, 1, 1, 1, 1, 1, 0, 0, 0], [1, 1, 1, 1, 0, 0, 1, 1, 1, 1, 1, 1, 1, 0, 0], [1, 1, 0, 0, 0, 0, 1, 1, 1, 1, 1, 1, 1, 1, 0], [1, 1, 0, 0, 0, 0, 1, 0, 0, 0, 0, 1, 1, 1, 0], [1, 1, 0, 0, 0, 0, 1, 1, 1, 1, 0, 1, 1, 1, 0], [1, 0, 0, 1, 0, 0, 1, 1, 1, 0, 0, 1, 1, 1, 1], [0, 0, 0, 1, 0, 0, 1, 1, 1, 0, 0, 1, 1, 0, 0], [0, 0, 0, 1, 1, 0, 0, 0, 1, 1, 0, 1, 1, 0, 0], [0, 0, 0, 1, 1, 1, 0, 0, 1, 1, 1, 1, 1, 0, 0], [0, 0, 0, 0, 0, 1, 0, 0, 0, 1, 1, 1, 1, 0, 0], [0, 0, 0, 0, 0, 1, 1, 1, 0, 1, 1, 1, 1, 1, 1], [0, 0, 0, 0, 1, 1, 1, 1, 1, 1, 1, 1, 1, 1, 1]], 1358, 767, 'g')
(1639, 946, 'g')
[(1639, 946, 'g'), (1627, 940, 'g'), (1619, 944, 'g'), (1564, 946, 'g'), (1223, 942, 'r'), (1205, 950, 'r'), (1203, 947, 'r'), (1199, 945, 'r'), (1187, 949, 'r'), (1176, 950, 'r'), (1175, 930, 'r'), (1173, 943, 'r'), (1154, 938, 'r'), (1141, 950, 'r'), (1129, 939, 'r')]
time:  35943.1070001
constraint 950
([[1, 1, 0, 1, 1, 1, 0, 0, 0, 0, 0, 0, 0, 1, 1], [1, 1, 1, 1, 1, 1, 1, 1, 0, 0, 0, 0, 1, 1, 1], [1, 1, 1, 1, 1, 0, 0, 1, 1, 1, 1, 1, 1, 1, 0], [1, 1, 1, 1, 1, 0, 0, 1, 1, 1, 1, 1, 1, 1, 1], [1, 1, 1, 1, 0, 0, 1, 1, 1, 1, 1, 1, 1, 1, 1], [1, 1, 0, 0, 0, 0, 1, 1, 1, 1, 1, 1, 1, 1, 1], [1, 1, 0, 0, 0, 0, 1, 1, 1, 1, 1, 1, 1, 0, 0], [0, 1, 0, 0, 0, 0, 1, 1, 1, 1, 1, 1, 0, 0, 0], [0, 0, 0, 1, 0, 0, 1, 1, 1, 0, 1, 1, 0, 0, 0], [1, 1, 1, 1, 0, 0, 1, 1, 1, 0, 1, 1, 1, 0, 0], [1, 1, 1, 1, 0, 0, 0, 0, 1, 0, 0, 1, 1, 0, 0], [1, 1, 1, 1, 1, 1, 0, 1, 1, 0, 0, 1, 1, 0, 1], [1, 1, 1, 1, 1, 1, 0, 1, 1, 1, 1, 1, 1, 1, 1], [1, 1, 1, 0, 0, 1, 1, 1, 1, 1, 1, 1, 1, 1, 1], [0, 0, 0, 0, 1, 1, 1, 1, 1, 1, 1, 1, 1, 1, 1]], 1639, 946, 'g')
(1771, 1017, 'g')
[(1771, 1017, 'g'), (1765, 1015, 'g'), (1757, 1022, 'p'), (1751, 1018, 'g'), (1714, 1021, 'p'), (1697, 1018, 'g'), (1377, 1015, 'r'), (1361, 1021, 'r'), (1356, 1020, 'r'), (1338, 1008, 'r'), (1334, 1020, 'r'), (1316, 1020, 'r'), (1311, 1010, 'r'), (1287, 1023, 'r'), (1281, 1001, 'r')]
time:  35923.8150001
constraint 1025
([[1, 1, 0, 1, 1, 1, 1, 1, 1, 0, 0, 1, 1, 1, 0], [1, 1, 1, 1, 1, 0, 1, 1, 1, 1, 1, 1, 1, 1, 1], [1, 1, 1, 1, 1, 0, 1, 1, 1, 1, 1, 1, 1, 1, 0], [1, 1, 1, 1, 1, 1, 1, 1, 1, 1, 1, 1, 1, 1, 1], [1, 1, 1, 1, 0, 0, 1, 1, 1, 1, 1, 1, 1, 1, 1], [1, 1, 0, 0, 0, 0, 1, 1, 1, 1, 1, 1, 1, 1, 1], [1, 1, 0, 0, 0, 0, 1, 1, 1, 1, 1, 1, 1, 1, 1], [0, 1, 0, 0, 0, 0, 1, 1, 1, 1, 1, 1, 1, 0, 0], [0, 0, 0, 1, 1, 1, 1, 1, 1, 0, 1, 1, 1, 0, 0], [0, 0, 0, 1, 1, 1, 1, 1, 1, 0, 1, 1, 1, 0, 0], [0, 0, 0, 1, 1, 1, 0, 0, 1, 1, 1, 1, 1, 0, 0], [0, 0, 1, 1, 1, 1, 0, 0, 1, 1, 1, 1, 1, 0, 1], [0, 1, 1, 1, 1, 1, 0, 0, 0, 1, 1, 1, 1, 1, 1], [0, 0, 1, 0, 0, 1, 1, 1, 0, 1, 1, 1, 1, 1, 1], [0, 0, 0, 0, 1, 1, 1, 1, 1, 1, 1, 1, 1, 0, 0]], 1771, 1017, 'g')
(1595, 924, 'g')
[(1595, 924, 'g'), (1594, 915, 'g'), (1588, 919, 'g'), (1588, 922, 'm'), (1583, 923, 'g'), (1566, 917, 'g'), (1170, 908, 'r'), (1156, 921, 'r'), (1145, 910, 'r'), (1136, 901, 'r'), (1134, 919, 'r'), (1127, 907, 'r'), (1116, 915, 'r'), (1097, 913, 'r'), (1087, 912, 'r')]
time:  36084.122
constraint 925
([[0, 0, 0, 1, 1, 1, 0, 0, 1, 0, 0, 1, 1, 1, 0], [0, 1, 1, 1, 1, 1, 0, 1, 1, 1, 1, 1, 1, 1, 0], [0, 1, 1, 1, 1, 0, 0, 1, 1, 1, 1, 1, 1, 1, 0], [0, 1, 1, 1, 1, 0, 0, 1, 1, 1, 1, 1, 1, 1, 0], [0, 1, 1, 1, 1, 1, 1, 1, 1, 1, 1, 1, 1, 1, 0], [0, 1, 1, 1, 1, 1, 1, 1, 1, 1, 1, 1, 1, 1, 0], [1, 1, 0, 0, 0, 0, 1, 1, 1, 1, 1, 1, 1, 1, 0], [1, 1, 0, 0, 0, 0, 1, 1, 1, 1, 1, 1, 1, 1, 0], [1, 0, 0, 1, 0, 0, 1, 1, 1, 0, 1, 1, 1, 1, 1], [0, 0, 0, 1, 0, 0, 1, 1, 1, 0, 1, 1, 1, 0, 0], [0, 0, 0, 1, 1, 0, 0, 0, 1, 1, 1, 1, 0, 0, 0], [0, 0, 1, 1, 1, 1, 0, 0, 1, 1, 1, 1, 0, 0, 1], [1, 1, 1, 1, 1, 1, 0, 0, 0, 1, 1, 1, 0, 0, 1], [1, 1, 1, 1, 1, 1, 1, 1, 0, 1, 1, 1, 0, 0, 1], [0, 0, 0, 0, 1, 1, 1, 1, 1, 1, 1, 1, 1, 0, 0]], 1595, 924, 'g')
(1190, 675, 'g')
iteration 11
(1732, 992, 'g')
[(1732, 992, 'g'), (1719, 998, 'g'), (1709, 991, 'g'), (1652, 981, 'p'), (1646, 990, 'g'), (1284, 987, 'r'), (1279, 995, 'r'), (1278, 994, 'r'), (1274, 999, 'r'), (1272, 986, 'r'), (1260, 993, 'r'), (1256, 1000, 'r'), (1250, 996, 'r'), (1246, 987, 'r'), (1235, 995, 'r')]
time:  36190.845
constraint 1000
([[1, 1, 0, 1, 1, 1, 1, 1, 1, 0, 0, 1, 1, 1, 1], [1, 1, 1, 1, 1, 0, 1, 1, 1, 1, 1, 1, 1, 1, 1], [1, 1, 1, 1, 1, 0, 0, 1, 1, 1, 1, 1, 1, 1, 0], [1, 1, 1, 1, 1, 1, 1, 1, 1, 1, 1, 1, 1, 1, 1], [1, 1, 1, 1, 0, 0, 1, 1, 1, 1, 1, 1, 1, 1, 1], [1, 1, 0, 0, 0, 0, 1, 1, 1, 1, 1, 1, 1, 1, 1], [1, 1, 0, 0, 0, 0, 1, 1, 1, 1, 1, 1, 1, 1, 1], [0, 1, 0, 0, 0, 0, 1, 1, 1, 1, 1, 1, 1, 0, 0], [0, 0, 0, 1, 1, 1, 1, 1, 1, 0, 1, 1, 1, 0, 0], [0, 0, 0, 1, 1, 1, 1, 1, 1, 0, 1, 1, 1, 0, 0], [0, 0, 0, 1, 1, 1, 0, 0, 1, 1, 1, 1, 1, 0, 0], [0, 0, 0, 1, 1, 1, 0, 0, 1, 1, 1, 1, 1, 0, 1], [0, 0, 0, 0, 0, 1, 0, 0, 0, 1, 1, 1, 1, 1, 1], [0, 0, 0, 0, 0, 1, 1, 1, 0, 1, 1, 1, 1, 1, 1], [0, 0, 0, 0, 1, 1, 1, 1, 1, 1, 1, 1, 1, 0, 1]], 1732, 992, 'g')
(1153, 649, 'g')
iteration 14
(1031, 567, 'g')
[(1031, 567, 'g'), (1023, 572, 'p'), (1021, 565, 'g'), (1018, 566, 'g'), (982, 559, 'p'), (598, 550, 'r'), (593, 559, 'r'), (591, 569, 'r'), (572, 566, 'r'), (564, 572, 'r'), (552, 569, 'r'), (546, 575, 'r'), (543, 565, 'r'), (542, 575, 'r'), (540, 567, 'r')]
time:  36621.668
constraint 575
([[1, 1, 0, 1, 1, 1, 0, 0, 0, 0, 0, 0, 0, 0, 0], [1, 1, 1, 1, 1, 1, 1, 1, 0, 0, 0, 0, 0, 0, 0], [1, 1, 1, 1, 1, 0, 1, 1, 1, 1, 1, 1, 0, 0, 0], [1, 1, 1, 1, 1, 0, 0, 0, 1, 1, 1, 0, 0, 0, 0], [0, 1, 1, 1, 0, 0, 0, 0, 1, 1, 1, 0, 0, 0, 0], [0, 1, 0, 0, 0, 0, 0, 0, 0, 1, 0, 0, 0, 0, 0], [0, 1, 0, 0, 0, 0, 0, 0, 0, 1, 0, 0, 0, 0, 0], [0, 1, 0, 0, 0, 0, 0, 1, 1, 1, 0, 0, 0, 0, 0], [0, 0, 0, 1, 1, 1, 1, 1, 1, 0, 0, 0, 0, 0, 0], [0, 0, 0, 1, 1, 1, 1, 1, 1, 0, 0, 0, 0, 0, 0], [0, 1, 0, 1, 1, 1, 0, 0, 1, 1, 0, 0, 0, 0, 0], [1, 1, 1, 1, 1, 1, 0, 0, 1, 1, 1, 1, 0, 0, 0], [1, 1, 1, 1, 1, 1, 0, 0, 0, 1, 1, 1, 0, 0, 0], [1, 1, 1, 1, 1, 1, 1, 1, 0, 1, 1, 1, 0, 0, 0], [0, 0, 0, 0, 1, 1, 1, 1, 1, 1, 1, 1, 0, 0, 0]], 1031, 567, 'g')
(1408, 799, 'g')
[(1408, 799, 'g'), (1404, 797, 'g'), (1404, 798, 'p'), (1395, 794, 'g'), (1322, 795, 'g'), (927, 792, 'r'), (927, 797, 'r'), (919, 798, 'r'), (912, 787, 'r'), (907, 794, 'r'), (890, 771, 'r'), (890, 779, 'r'), (889, 779, 'r'), (885, 795, 'r'), (872, 791, 'r')]
time:  36462.9879999
constraint 800
([[1, 1, 0, 1, 1, 1, 0, 0, 1, 0, 0, 0, 0, 1, 1], [1, 1, 1, 1, 1, 1, 1, 1, 1, 1, 1, 0, 0, 0, 1], [1, 1, 1, 1, 1, 1, 1, 1, 1, 1, 1, 1, 0, 0, 0], [1, 1, 1, 1, 1, 1, 1, 1, 1, 1, 1, 1, 0, 0, 0], [1, 1, 1, 1, 0, 0, 1, 1, 1, 1, 1, 1, 1, 1, 0], [1, 1, 0, 0, 0, 0, 1, 1, 1, 1, 1, 1, 1, 1, 0], [1, 1, 0, 0, 0, 0, 1, 0, 0, 0, 0, 1, 1, 1, 0], [1, 1, 0, 0, 0, 0, 1, 1, 1, 1, 0, 1, 1, 1, 0], [1, 0, 0, 1, 0, 0, 1, 1, 1, 0, 0, 1, 1, 1, 1], [0, 0, 0, 1, 0, 0, 1, 1, 1, 0, 0, 1, 1, 0, 0], [0, 0, 0, 1, 1, 0, 0, 0, 1, 1, 0, 1, 1, 0, 0], [0, 0, 0, 1, 1, 1, 0, 0, 1, 1, 1, 1, 1, 0, 0], [0, 0, 0, 0, 1, 1, 0, 0, 0, 1, 1, 1, 1, 0, 0], [0, 0, 0, 0, 0, 1, 1, 1, 0, 1, 1, 1, 1, 1, 1], [0, 0, 0, 1, 1, 1, 1, 1, 1, 1, 1, 1, 1, 1, 1]], 1408, 799, 'g')
(1684, 974, 'g')
[(1684, 974, 'g'), (1677, 975, 'g'), (1676, 965, 'g'), (1673, 974, 'g'), (1657, 972, 'p'), (1624, 975, 'p'), (1596, 966, 'g'), (1242, 966, 'r'), (1234, 958, 'r'), (1226, 972, 'r'), (1210, 972, 'r'), (1203, 960, 'r'), (1184, 970, 'r'), (1178, 968, 'r'), (1162, 953, 'r')]
time:  36403.352
constraint 975
([[1, 1, 0, 1, 1, 1, 0, 0, 0, 0, 0, 0, 0, 1, 1], [1, 1, 1, 1, 1, 1, 1, 1, 0, 0, 0, 0, 1, 1, 1], [1, 1, 1, 1, 1, 0, 1, 1, 1, 1, 1, 1, 1, 1, 0], [1, 1, 1, 1, 1, 0, 1, 1, 1, 1, 1, 1, 1, 1, 1], [1, 1, 1, 1, 0, 0, 1, 1, 1, 1, 1, 1, 1, 1, 1], [1, 1, 0, 0, 0, 0, 1, 1, 1, 1, 1, 1, 1, 1, 1], [1, 1, 0, 0, 0, 0, 1, 1, 1, 1, 1, 1, 1, 0, 0], [0, 1, 0, 0, 0, 0, 1, 1, 1, 1, 1, 1, 0, 0, 0], [0, 0, 0, 1, 0, 0, 1, 1, 1, 0, 1, 1, 0, 0, 0], [1, 1, 1, 1, 0, 0, 1, 1, 1, 0, 1, 1, 1, 0, 0], [1, 1, 1, 1, 0, 0, 0, 1, 1, 0, 0, 1, 1, 0, 0], [1, 1, 1, 1, 1, 1, 0, 1, 1, 0, 0, 1, 1, 0, 1], [1, 1, 1, 1, 1, 1, 0, 1, 1, 1, 1, 1, 1, 1, 1], [1, 1, 1, 0, 0, 1, 1, 1, 1, 1, 1, 1, 1, 1, 1], [0, 0, 0, 0, 1, 1, 1, 1, 1, 1, 1, 1, 1, 1, 1]], 1684, 974, 'g')
(1429, 821, 'g')
[(1429, 821, 'g'), (1428, 824, 'g'), (1427, 823, 'g'), (1417, 819, 'g'), (1390, 819, 'p'), (1367, 814, 'g'), (1010, 825, 'r'), (971, 825, 'r'), (963, 806, 'r'), (950, 825, 'r'), (938, 796, 'r'), (928, 821, 'r'), (923, 820, 'r'), (918, 796, 'r'), (908, 818, 'r')]
time:  36548.1230001
constraint 825
([[1, 1, 0, 1, 1, 1, 0, 0, 0, 0, 0, 0, 0, 1, 1], [1, 1, 1, 1, 1, 1, 1, 0, 0, 0, 0, 0, 1, 1, 1], [1, 1, 1, 1, 1, 0, 1, 1, 1, 1, 1, 1, 1, 1, 0], [1, 1, 1, 1, 1, 1, 1, 1, 1, 1, 1, 1, 1, 1, 1], [1, 1, 1, 1, 0, 0, 1, 1, 1, 1, 1, 1, 1, 1, 1], [1, 1, 0, 0, 0, 0, 1, 1, 1, 1, 1, 1, 1, 1, 1], [1, 1, 0, 0, 0, 0, 1, 0, 0, 0, 0, 1, 1, 0, 0], [0, 1, 0, 0, 0, 0, 1, 1, 1, 0, 0, 0, 0, 0, 0], [0, 0, 0, 1, 1, 1, 1, 0, 0, 0, 0, 0, 0, 0, 0], [0, 0, 0, 1, 1, 1, 1, 0, 0, 0, 0, 0, 1, 0, 0], [0, 0, 0, 1, 1, 1, 0, 0, 1, 1, 1, 1, 1, 0, 0], [0, 0, 0, 1, 1, 1, 0, 1, 1, 1, 1, 1, 1, 0, 1], [0, 0, 0, 0, 0, 1, 1, 1, 1, 1, 1, 1, 1, 1, 1], [0, 0, 0, 0, 0, 1, 1, 1, 1, 1, 1, 1, 1, 1, 1], [0, 0, 0, 0, 1, 1, 1, 1, 1, 1, 1, 1, 1, 1, 1]], 1429, 821, 'g')
(1082, 599, 'g')
[(1082, 599, 'g'), (1077, 597, 'p'), (1075, 598, 'p'), (1074, 598, 'p'), (1073, 594, 'g'), (1067, 592, 'g'), (1066, 590, 'g'), (1050, 591, 'g'), (1048, 598, 'p'), (621, 588, 'r'), (611, 585, 'r'), (592, 598, 'r'), (586, 600, 'r'), (579, 585, 'r'), (571, 588, 'r')]
time:  36822.375
constraint 600
([[1, 0, 0, 1, 1, 1, 0, 0, 1, 0, 0, 0, 0, 0, 0], [0, 0, 0, 0, 1, 1, 1, 1, 1, 1, 1, 0, 0, 0, 0], [0, 0, 0, 1, 1, 0, 0, 1, 1, 1, 1, 1, 0, 0, 0], [0, 0, 0, 1, 1, 0, 0, 1, 1, 1, 1, 1, 0, 0, 0], [0, 1, 0, 1, 0, 0, 0, 0, 0, 1, 1, 1, 1, 0, 0], [0, 1, 0, 1, 0, 0, 0, 0, 0, 1, 1, 1, 1, 1, 0], [0, 0, 0, 0, 0, 0, 0, 0, 0, 1, 1, 1, 1, 1, 0], [1, 1, 0, 0, 0, 0, 0, 1, 1, 1, 1, 1, 1, 1, 0], [1, 0, 0, 1, 1, 1, 1, 1, 1, 0, 1, 1, 1, 1, 1], [0, 0, 0, 1, 1, 1, 1, 1, 1, 0, 1, 1, 1, 0, 0], [0, 0, 0, 1, 1, 1, 0, 0, 1, 1, 1, 1, 0, 0, 0], [0, 0, 0, 1, 1, 1, 0, 1, 1, 1, 1, 1, 0, 0, 0], [0, 0, 0, 0, 0, 1, 1, 1, 1, 1, 1, 0, 0, 0, 0], [0, 0, 0, 0, 0, 1, 1, 1, 1, 1, 1, 0, 0, 0, 0], [0, 0, 0, 0, 1, 1, 1, 1, 1, 1, 0, 0, 0, 0, 0]], 1082, 599, 'g')
(1108, 623, 'g')
[(1108, 623, 'g'), (1107, 622, 'g'), (1107, 625, 'p'), (1096, 616, 'g'), (1094, 620, 'g'), (1084, 624, 'p'), (1081, 619, 'p'), (1071, 620, 'g'), (1031, 617, 'p'), (640, 623, 'r'), (638, 623, 'r'), (618, 616, 'r'), (610, 604, 'r'), (608, 621, 'r'), (600, 624, 'r')]
time:  36878.2099998
constraint 625
([[1, 1, 0, 1, 1, 1, 1, 1, 1, 0, 0, 0, 0, 0, 0], [0, 1, 1, 1, 1, 0, 1, 1, 1, 0, 0, 0, 0, 0, 0], [0, 0, 1, 1, 1, 0, 0, 1, 1, 1, 1, 1, 0, 0, 0], [0, 0, 0, 1, 1, 0, 0, 1, 1, 1, 1, 0, 0, 0, 0], [0, 1, 0, 1, 0, 0, 0, 0, 0, 1, 1, 0, 0, 0, 0], [0, 1, 0, 1, 0, 0, 0, 0, 0, 0, 0, 1, 0, 0, 0], [0, 0, 0, 0, 0, 0, 1, 0, 0, 0, 0, 1, 1, 0, 0], [0, 1, 0, 0, 0, 1, 1, 1, 1, 1, 0, 1, 1, 1, 0], [1, 0, 0, 1, 0, 1, 1, 1, 1, 0, 0, 1, 1, 1, 1], [1, 0, 0, 1, 0, 0, 0, 1, 1, 0, 1, 1, 1, 0, 0], [1, 1, 0, 1, 1, 0, 0, 1, 1, 1, 1, 1, 1, 0, 0], [1, 1, 1, 1, 1, 1, 0, 1, 1, 1, 1, 1, 1, 0, 1], [1, 1, 1, 1, 1, 1, 0, 0, 0, 1, 1, 0, 0, 0, 1], [1, 1, 1, 1, 1, 1, 1, 1, 0, 1, 1, 0, 0, 0, 1], [0, 0, 0, 0, 1, 1, 1, 1, 1, 1, 0, 0, 0, 0, 0]], 1108, 623, 'g')
(1153, 649, 'g')
[(1153, 649, 'g'), (1144, 641, 'g'), (1142, 643, 'g'), (1113, 648, 'g'), (979, 648, 'p'), (688, 649, 'r'), (682, 643, 'r'), (669, 621, 'r'), (665, 649, 'r'), (662, 645, 'r'), (648, 650, 'r'), (648, 640, 'r'), (645, 639, 'r'), (635, 632, 'r'), (627, 645, 'r')]
time:  36962.326
constraint 650
([[1, 1, 0, 1, 1, 1, 1, 1, 1, 0, 0, 0, 0, 0, 0], [0, 1, 1, 1, 1, 0, 1, 1, 1, 0, 0, 0, 0, 0, 0], [0, 0, 1, 1, 1, 0, 0, 1, 1, 1, 1, 1, 0, 0, 0], [0, 0, 0, 1, 1, 0, 0, 1, 1, 1, 1, 0, 0, 0, 0], [0, 1, 0, 1, 0, 0, 0, 0, 0, 1, 1, 0, 0, 0, 0], [0, 1, 0, 1, 0, 0, 0, 0, 0, 0, 0, 1, 0, 0, 0], [0, 0, 0, 0, 0, 0, 1, 0, 0, 0, 0, 1, 1, 0, 0], [0, 1, 0, 0, 0, 1, 1, 1, 1, 1, 0, 1, 1, 1, 0], [1, 0, 0, 1, 0, 1, 1, 1, 1, 0, 0, 1, 1, 1, 1], [1, 0, 0, 1, 0, 0, 0, 1, 1, 0, 1, 1, 1, 0, 0], [1, 1, 0, 1, 1, 0, 0, 1, 1, 1, 1, 1, 1, 0, 0], [1, 1, 1, 1, 1, 1, 0, 1, 1, 1, 1, 1, 1, 0, 1], [1, 1, 1, 1, 1, 1, 0, 1, 1, 1, 1, 0, 0, 0, 1], [1, 1, 1, 1, 1, 1, 1, 1, 1, 1, 1, 0, 0, 0, 1], [0, 0, 0, 0, 1, 1, 1, 1, 1, 1, 0, 0, 0, 0, 0]], 1153, 649, 'g')
(1190, 675, 'g')
iteration 12
(1190, 675, 'g')
iteration 13
(1190, 675, 'g')
iteration 14
(1190, 675, 'g')
[(1190, 675, 'g'), (1188, 673, 'g'), (1187, 670, 'p'), (1186, 675, 'm'), (1185, 673, 'g'), (1185, 674, 'p'), (1179, 667, 'g'), (1177, 670, 'g'), (1159, 671, 'g'), (1133, 674, 'p'), (709, 672, 'r'), (695, 670, 'r'), (690, 655, 'r'), (683, 659, 'r'), (682, 674, 'r')]
time:  38664.579
constraint 675
([[1, 0, 0, 0, 1, 0, 0, 0, 0, 0, 1, 1, 1, 1, 0], [0, 0, 0, 0, 1, 0, 0, 0, 0, 0, 1, 1, 1, 1, 0], [0, 0, 0, 1, 1, 0, 0, 1, 1, 1, 1, 1, 1, 1, 0], [0, 0, 0, 0, 1, 0, 0, 0, 1, 1, 1, 1, 1, 1, 1], [1, 1, 0, 0, 0, 0, 0, 0, 1, 1, 1, 1, 1, 1, 1], [1, 1, 0, 0, 0, 0, 0, 0, 0, 1, 1, 1, 1, 1, 1], [1, 1, 0, 0, 0, 0, 1, 0, 0, 1, 1, 1, 1, 1, 1], [1, 1, 0, 0, 0, 1, 1, 1, 1, 1, 1, 1, 1, 1, 0], [1, 0, 0, 1, 0, 1, 1, 1, 1, 1, 1, 1, 1, 1, 1], [0, 0, 0, 1, 0, 0, 1, 1, 1, 0, 0, 0, 1, 0, 0], [0, 0, 0, 1, 1, 0, 0, 0, 1, 1, 0, 0, 0, 0, 0], [0, 0, 1, 1, 1, 1, 0, 0, 1, 1, 1, 1, 0, 0, 0], [1, 1, 1, 1, 1, 1, 0, 0, 0, 1, 1, 0, 0, 0, 0], [1, 1, 1, 1, 1, 1, 1, 1, 0, 1, 1, 0, 0, 0, 0], [0, 0, 0, 0, 1, 1, 1, 1, 1, 1, 0, 0, 0, 0, 0]], 1190, 675, 'g')


