[Console output redirected to file:C:\Users\zachary\Documents\outfile]
3302016
134 bound
165 bound
152 bound
178 bound
124 bound
146 bound
128 bound
140 bound
143 bound
149 bound
175 bound
168 bound
131 bound
157 bound
154 bound
163 bound
170 bound
137 bound
173 bound
160 bound
IT HAPPENED (11, 11)
Greedy cost, greedy val 549 1014
greedyMap [[0, 0, 1, 1, 1, 1, 1, 1, 1, 1, 1, 1, 1, 0, 0], [0, 0, 1, 1, 1, 1, 1, 1, 1, 1, 1, 1, 1, 0, 0], [0, 0, 1, 1, 0, 0, 1, 1, 1, 1, 0, 1, 1, 0, 0], [0, 0, 0, 0, 0, 0, 0, 0, 0, 0, 0, 1, 1, 0, 0], [0, 0, 0, 0, 0, 0, 0, 0, 0, 0, 1, 1, 1, 1, 1], [1, 0, 0, 0, 0, 0, 0, 0, 0, 0, 0, 1, 1, 0, 1], [0, 0, 1, 1, 1, 1, 1, 1, 0, 0, 0, 1, 1, 0, 0], [0, 0, 1, 1, 1, 1, 1, 0, 1, 1, 1, 1, 1, 0, 0], [0, 0, 1, 1, 1, 1, 1, 1, 1, 0, 1, 1, 1, 0, 0], [0, 0, 1, 1, 1, 1, 1, 1, 0, 1, 1, 1, 0, 0, 0], [0, 0, 0, 1, 1, 1, 1, 1, 1, 1, 1, 1, 0, 0, 0], [0, 0, 0, 0, 1, 1, 1, 1, 1, 1, 1, 0, 0, 0, 0], [0, 0, 0, 0, 1, 0, 0, 0, 0, 0, 1, 0, 0, 0, 0], [0, 0, 0, 0, 0, 0, 0, 0, 0, 0, 1, 1, 0, 0, 0], [0, 0, 0, 0, 0, 0, 0, 0, 0, 1, 1, 1, 0, 0, 0]]
1014
549
1014
549
cosnstr type <type 'int'>
cost type <type 'int'>
iteration 0
IT HAPPENED (12, 9)
Greedy cost, greedy val 573 1044
greedyMap [[0, 0, 1, 1, 1, 1, 1, 1, 1, 1, 1, 1, 1, 0, 0], [0, 0, 1, 1, 1, 1, 1, 1, 1, 1, 1, 1, 1, 0, 0], [0, 0, 1, 1, 0, 0, 1, 1, 1, 1, 0, 1, 1, 0, 0], [0, 0, 0, 0, 0, 0, 0, 0, 0, 0, 0, 1, 1, 0, 0], [0, 0, 0, 0, 0, 0, 0, 0, 0, 0, 1, 1, 1, 1, 1], [1, 0, 0, 0, 0, 0, 0, 0, 0, 0, 0, 1, 1, 0, 1], [0, 0, 1, 1, 1, 1, 1, 1, 0, 0, 0, 1, 1, 0, 0], [0, 0, 1, 1, 1, 1, 1, 0, 1, 1, 1, 1, 1, 0, 0], [0, 0, 1, 1, 1, 1, 1, 1, 1, 0, 1, 1, 1, 0, 0], [0, 0, 1, 1, 1, 1, 1, 1, 0, 1, 1, 1, 1, 0, 0], [0, 0, 0, 1, 1, 1, 1, 1, 1, 1, 1, 1, 1, 0, 0], [0, 0, 0, 0, 1, 1, 1, 1, 1, 1, 1, 1, 0, 0, 0], [0, 0, 0, 0, 1, 0, 0, 0, 0, 0, 1, 0, 0, 0, 0], [0, 0, 0, 0, 0, 0, 0, 0, 0, 0, 1, 1, 0, 0, 0], [0, 0, 0, 0, 0, 0, 0, 0, 0, 1, 1, 1, 0, 0, 0]]
1044
573
1044
573
cosnstr type <type 'int'>
cost type <type 'int'>
iteration 0
IT HAPPENED (12, 7)
Greedy cost, greedy val 593 1081
greedyMap [[0, 0, 1, 1, 1, 1, 1, 1, 1, 1, 1, 1, 1, 0, 0], [0, 0, 1, 1, 1, 1, 1, 1, 1, 1, 1, 1, 1, 0, 0], [0, 0, 1, 1, 0, 0, 1, 1, 1, 1, 0, 1, 1, 0, 0], [0, 0, 0, 0, 0, 0, 0, 0, 0, 0, 0, 1, 1, 0, 0], [0, 0, 0, 0, 0, 0, 0, 0, 0, 0, 1, 1, 1, 1, 1], [1, 0, 0, 0, 0, 0, 0, 0, 0, 0, 0, 1, 1, 0, 1], [0, 0, 1, 1, 1, 1, 1, 1, 0, 0, 0, 1, 1, 0, 0], [0, 0, 1, 1, 1, 1, 1, 0, 1, 1, 1, 1, 1, 0, 0], [0, 0, 1, 1, 1, 1, 1, 1, 1, 0, 1, 1, 1, 0, 0], [0, 0, 1, 1, 1, 1, 1, 1, 0, 1, 1, 1, 1, 0, 0], [0, 0, 0, 1, 1, 1, 1, 1, 1, 1, 1, 1, 1, 0, 0], [0, 0, 0, 0, 1, 1, 1, 1, 1, 1, 1, 1, 0, 0, 0], [0, 0, 0, 0, 1, 0, 0, 0, 1, 1, 1, 0, 0, 0, 0], [0, 0, 0, 0, 0, 0, 0, 0, 0, 1, 1, 1, 0, 0, 0], [0, 0, 0, 0, 0, 0, 0, 0, 0, 1, 1, 1, 0, 0, 0]]
1081
593
1081
593
cosnstr type <type 'int'>
cost type <type 'int'>
iteration 0
IT HAPPENED (12, 3)
Greedy cost, greedy val 620 1121
greedyMap [[0, 0, 1, 1, 1, 1, 1, 1, 1, 1, 1, 1, 1, 0, 0], [0, 0, 1, 1, 1, 1, 1, 1, 1, 1, 1, 1, 1, 0, 0], [0, 0, 1, 1, 0, 0, 1, 1, 1, 1, 0, 1, 1, 0, 0], [0, 0, 0, 0, 0, 0, 0, 0, 0, 0, 0, 1, 1, 0, 0], [0, 0, 0, 0, 0, 0, 0, 0, 0, 0, 1, 1, 1, 1, 1], [1, 0, 0, 0, 0, 0, 0, 0, 0, 0, 0, 1, 1, 0, 1], [0, 0, 1, 1, 1, 1, 1, 1, 0, 0, 0, 1, 1, 0, 0], [0, 0, 1, 1, 1, 1, 1, 0, 1, 1, 1, 1, 1, 0, 0], [0, 0, 1, 1, 1, 1, 1, 1, 1, 0, 1, 1, 1, 0, 0], [0, 0, 1, 1, 1, 1, 1, 1, 0, 1, 1, 1, 1, 0, 0], [0, 0, 0, 1, 1, 1, 1, 1, 1, 1, 1, 1, 1, 0, 0], [0, 0, 0, 0, 1, 1, 1, 1, 1, 1, 1, 1, 0, 0, 0], [0, 0, 0, 0, 1, 0, 0, 1, 1, 1, 1, 0, 0, 0, 0], [0, 0, 0, 0, 1, 0, 0, 0, 1, 1, 1, 1, 0, 0, 0], [0, 0, 0, 0, 0, 0, 0, 0, 1, 1, 1, 1, 0, 0, 0]]
1121
620
1121
620
cosnstr type <type 'int'>
cost type <type 'int'>
iteration 0
IT HAPPENED (10, 2)
Greedy cost, greedy val 649 1169
greedyMap [[0, 0, 1, 1, 1, 1, 1, 1, 1, 1, 1, 1, 1, 0, 0], [0, 0, 1, 1, 1, 1, 1, 1, 1, 1, 1, 1, 1, 0, 0], [0, 0, 1, 1, 0, 0, 1, 1, 1, 1, 0, 1, 1, 0, 0], [0, 0, 0, 0, 0, 0, 0, 0, 0, 0, 0, 1, 1, 0, 0], [0, 0, 0, 0, 0, 0, 0, 0, 0, 0, 1, 1, 1, 1, 1], [1, 0, 0, 0, 0, 0, 0, 0, 0, 0, 0, 1, 1, 0, 1], [0, 0, 1, 1, 1, 1, 1, 1, 0, 0, 0, 1, 1, 0, 0], [0, 0, 1, 1, 1, 1, 1, 0, 1, 1, 1, 1, 1, 0, 0], [0, 0, 1, 1, 1, 1, 1, 1, 1, 0, 1, 1, 1, 0, 0], [0, 0, 1, 1, 1, 1, 1, 1, 0, 1, 1, 1, 1, 0, 0], [0, 0, 0, 1, 1, 1, 1, 1, 1, 1, 1, 1, 1, 0, 0], [0, 0, 1, 1, 1, 1, 1, 1, 1, 1, 1, 1, 0, 0, 0], [0, 0, 1, 1, 1, 0, 0, 1, 1, 1, 1, 0, 0, 0, 0], [0, 0, 0, 0, 1, 0, 0, 0, 1, 1, 1, 1, 0, 0, 0], [0, 0, 0, 0, 0, 0, 0, 0, 1, 1, 1, 1, 0, 0, 0]]
1169
649
1169
649
cosnstr type <type 'int'>
cost type <type 'int'>
iteration 0
IT HAPPENED (14, 1)
Greedy cost, greedy val 674 1212
greedyMap [[0, 0, 1, 1, 1, 1, 1, 1, 1, 1, 1, 1, 1, 0, 0], [0, 0, 1, 1, 1, 1, 1, 1, 1, 1, 1, 1, 1, 0, 0], [0, 0, 1, 1, 0, 0, 1, 1, 1, 1, 0, 1, 1, 0, 0], [0, 0, 0, 0, 0, 0, 0, 0, 0, 0, 0, 1, 1, 0, 0], [0, 0, 0, 0, 0, 0, 0, 0, 0, 0, 1, 1, 1, 1, 1], [1, 0, 0, 0, 0, 0, 0, 0, 0, 0, 0, 1, 1, 0, 1], [0, 0, 1, 1, 1, 1, 1, 1, 0, 0, 0, 1, 1, 0, 0], [0, 0, 1, 1, 1, 1, 1, 0, 1, 1, 1, 1, 1, 0, 0], [0, 0, 1, 1, 1, 1, 1, 1, 1, 0, 1, 1, 1, 0, 0], [0, 0, 1, 1, 1, 1, 1, 1, 0, 1, 1, 1, 1, 0, 0], [0, 0, 1, 1, 1, 1, 1, 1, 1, 1, 1, 1, 1, 0, 0], [0, 0, 1, 1, 1, 1, 1, 1, 1, 1, 1, 1, 0, 0, 0], [0, 1, 1, 1, 1, 0, 0, 1, 1, 1, 1, 0, 0, 0, 0], [0, 1, 0, 1, 1, 0, 0, 0, 1, 1, 1, 1, 0, 0, 0], [0, 0, 0, 0, 0, 0, 0, 0, 1, 1, 1, 1, 0, 0, 0]]
1212
674
1212
674
cosnstr type <type 'int'>
cost type <type 'int'>
iteration 0
IT HAPPENED (12, 0)
Greedy cost, greedy val 698 1269
greedyMap [[0, 1, 1, 1, 1, 1, 1, 1, 1, 1, 1, 1, 1, 0, 0], [0, 1, 1, 1, 1, 1, 1, 1, 1, 1, 1, 1, 1, 0, 0], [1, 1, 1, 1, 0, 0, 1, 1, 1, 1, 0, 1, 1, 0, 0], [0, 0, 0, 0, 0, 0, 0, 0, 0, 0, 0, 1, 1, 0, 0], [0, 0, 0, 0, 0, 0, 0, 0, 0, 0, 1, 1, 1, 1, 1], [1, 0, 0, 0, 0, 0, 0, 0, 0, 0, 0, 1, 1, 0, 1], [0, 0, 1, 1, 1, 1, 1, 1, 0, 0, 0, 1, 1, 0, 0], [0, 0, 1, 1, 1, 1, 1, 0, 1, 1, 1, 1, 1, 0, 0], [0, 0, 1, 1, 1, 1, 1, 1, 1, 0, 1, 1, 1, 0, 0], [0, 0, 1, 1, 1, 1, 1, 1, 0, 1, 1, 1, 1, 0, 0], [0, 0, 1, 1, 1, 1, 1, 1, 1, 1, 1, 1, 1, 0, 0], [0, 0, 1, 1, 1, 1, 1, 1, 1, 1, 1, 1, 0, 0, 0], [0, 1, 1, 1, 1, 0, 0, 1, 1, 1, 1, 0, 0, 0, 0], [1, 1, 0, 1, 1, 0, 0, 0, 1, 1, 1, 1, 0, 0, 0], [0, 1, 0, 0, 0, 0, 0, 0, 1, 1, 1, 1, 0, 0, 0]]
1269
698
1269
698
cosnstr type <type 'int'>
cost type <type 'int'>
iteration 0
Greedy cost, greedy val 725 1309
greedyMap [[0, 1, 1, 1, 1, 1, 1, 1, 1, 1, 1, 1, 1, 0, 0], [0, 1, 1, 1, 1, 1, 1, 1, 1, 1, 1, 1, 1, 0, 0], [1, 1, 1, 1, 0, 0, 1, 1, 1, 1, 0, 1, 1, 0, 0], [0, 1, 1, 0, 0, 0, 0, 0, 0, 0, 0, 1, 1, 0, 0], [0, 0, 0, 0, 0, 0, 0, 0, 0, 0, 1, 1, 1, 1, 1], [1, 0, 0, 0, 0, 0, 0, 0, 0, 0, 0, 1, 1, 0, 1], [0, 0, 1, 1, 1, 1, 1, 1, 0, 0, 0, 1, 1, 0, 0], [0, 0, 1, 1, 1, 1, 1, 0, 1, 1, 1, 1, 1, 0, 0], [0, 0, 1, 1, 1, 1, 1, 1, 1, 0, 1, 1, 1, 0, 0], [0, 0, 1, 1, 1, 1, 1, 1, 0, 1, 1, 1, 1, 0, 0], [0, 0, 1, 1, 1, 1, 1, 1, 1, 1, 1, 1, 1, 0, 0], [0, 0, 1, 1, 1, 1, 1, 1, 1, 1, 1, 1, 0, 0, 0], [1, 1, 1, 1, 1, 0, 0, 1, 1, 1, 1, 0, 0, 0, 0], [1, 1, 0, 1, 1, 0, 0, 0, 1, 1, 1, 1, 0, 0, 0], [1, 1, 0, 0, 0, 0, 0, 0, 1, 1, 1, 1, 0, 0, 0]]
1309
725
1309
725
cosnstr type <type 'int'>
cost type <type 'int'>
iteration 0
Greedy cost, greedy val 750 1350
greedyMap [[1, 1, 1, 1, 1, 1, 1, 1, 1, 1, 1, 1, 1, 0, 0], [1, 1, 1, 1, 1, 1, 1, 1, 1, 1, 1, 1, 1, 0, 0], [1, 1, 1, 1, 0, 0, 1, 1, 1, 1, 0, 1, 1, 0, 0], [0, 1, 1, 1, 0, 0, 0, 0, 0, 0, 0, 1, 1, 0, 0], [0, 0, 1, 0, 0, 0, 0, 0, 0, 0, 1, 1, 1, 1, 1], [1, 0, 0, 0, 0, 0, 0, 0, 0, 0, 0, 1, 1, 0, 1], [0, 0, 1, 1, 1, 1, 1, 1, 0, 0, 0, 1, 1, 0, 0], [0, 0, 1, 1, 1, 1, 1, 0, 1, 1, 1, 1, 1, 0, 0], [0, 0, 1, 1, 1, 1, 1, 1, 1, 0, 1, 1, 1, 0, 0], [0, 0, 1, 1, 1, 1, 1, 1, 0, 1, 1, 1, 1, 0, 0], [0, 0, 1, 1, 1, 1, 1, 1, 1, 1, 1, 1, 1, 0, 0], [0, 0, 1, 1, 1, 1, 1, 1, 1, 1, 1, 1, 0, 0, 0], [1, 1, 1, 1, 1, 0, 0, 1, 1, 1, 1, 0, 0, 0, 0], [1, 1, 0, 1, 1, 0, 0, 0, 1, 1, 1, 1, 0, 0, 0], [1, 1, 0, 0, 0, 0, 0, 0, 1, 1, 1, 1, 0, 0, 0]]
1350
750
1350
750
cosnstr type <type 'int'>
cost type <type 'int'>
iteration 0
IT HAPPENED (3, 14)
Greedy cost, greedy val 771 1379
greedyMap [[1, 1, 1, 1, 1, 1, 1, 1, 1, 1, 1, 1, 1, 0, 0], [1, 1, 1, 1, 1, 1, 1, 1, 1, 1, 1, 1, 1, 0, 0], [1, 1, 1, 1, 0, 0, 1, 1, 1, 1, 0, 1, 1, 1, 1], [0, 1, 1, 1, 0, 0, 0, 0, 0, 0, 0, 1, 1, 1, 0], [0, 0, 1, 0, 0, 0, 0, 0, 0, 0, 1, 1, 1, 1, 1], [1, 0, 0, 0, 0, 0, 0, 0, 0, 0, 0, 1, 1, 0, 1], [0, 0, 1, 1, 1, 1, 1, 1, 0, 0, 0, 1, 1, 0, 0], [0, 0, 1, 1, 1, 1, 1, 0, 1, 1, 1, 1, 1, 0, 0], [0, 0, 1, 1, 1, 1, 1, 1, 1, 0, 1, 1, 1, 0, 0], [0, 0, 1, 1, 1, 1, 1, 1, 0, 1, 1, 1, 1, 0, 0], [0, 0, 1, 1, 1, 1, 1, 1, 1, 1, 1, 1, 1, 0, 0], [0, 0, 1, 1, 1, 1, 1, 1, 1, 1, 1, 1, 0, 0, 0], [1, 1, 1, 1, 1, 0, 0, 1, 1, 1, 1, 0, 0, 0, 0], [1, 1, 0, 1, 1, 0, 0, 0, 1, 1, 1, 1, 0, 0, 0], [1, 1, 0, 0, 0, 0, 0, 0, 1, 1, 1, 1, 0, 0, 0]]
1379
771
1379
771
cosnstr type <type 'int'>
cost type <type 'int'>
iteration 0
IT HAPPENED (0, 13)
Greedy cost, greedy val 798 1417
greedyMap [[1, 1, 1, 1, 1, 1, 1, 1, 1, 1, 1, 1, 1, 0, 0], [1, 1, 1, 1, 1, 1, 1, 1, 1, 1, 1, 1, 1, 1, 1], [1, 1, 1, 1, 0, 0, 1, 1, 1, 1, 0, 1, 1, 1, 1], [0, 1, 1, 1, 0, 0, 0, 0, 0, 0, 0, 1, 1, 1, 1], [0, 0, 1, 0, 0, 0, 0, 0, 0, 0, 1, 1, 1, 1, 1], [1, 0, 0, 0, 0, 0, 0, 0, 0, 0, 0, 1, 1, 0, 1], [0, 0, 1, 1, 1, 1, 1, 1, 0, 0, 0, 1, 1, 0, 0], [0, 0, 1, 1, 1, 1, 1, 0, 1, 1, 1, 1, 1, 0, 0], [0, 0, 1, 1, 1, 1, 1, 1, 1, 0, 1, 1, 1, 0, 0], [0, 0, 1, 1, 1, 1, 1, 1, 0, 1, 1, 1, 1, 0, 0], [0, 0, 1, 1, 1, 1, 1, 1, 1, 1, 1, 1, 1, 0, 0], [0, 0, 1, 1, 1, 1, 1, 1, 1, 1, 1, 1, 0, 0, 0], [1, 1, 1, 1, 1, 0, 0, 1, 1, 1, 1, 0, 0, 0, 0], [1, 1, 0, 1, 1, 0, 0, 0, 1, 1, 1, 1, 0, 0, 0], [1, 1, 0, 0, 0, 0, 0, 0, 1, 1, 1, 1, 0, 0, 0]]
1417
798
1417
798
cosnstr type <type 'int'>
cost type <type 'int'>
iteration 0
IT HAPPENED (2, 10)
Greedy cost, greedy val 818 1439
greedyMap [[1, 1, 1, 1, 1, 1, 1, 1, 1, 1, 1, 1, 1, 1, 0], [1, 1, 1, 1, 1, 1, 1, 1, 1, 1, 1, 1, 1, 1, 1], [1, 1, 1, 1, 0, 0, 1, 1, 1, 1, 0, 1, 1, 1, 1], [0, 1, 1, 1, 0, 0, 0, 0, 0, 0, 1, 1, 1, 1, 1], [0, 0, 1, 0, 0, 0, 0, 0, 0, 0, 1, 1, 1, 1, 1], [1, 0, 0, 0, 0, 0, 0, 0, 0, 0, 0, 1, 1, 0, 1], [0, 0, 1, 1, 1, 1, 1, 1, 0, 0, 0, 1, 1, 0, 0], [0, 0, 1, 1, 1, 1, 1, 0, 1, 1, 1, 1, 1, 0, 0], [0, 0, 1, 1, 1, 1, 1, 1, 1, 0, 1, 1, 1, 0, 0], [0, 0, 1, 1, 1, 1, 1, 1, 0, 1, 1, 1, 1, 0, 0], [0, 0, 1, 1, 1, 1, 1, 1, 1, 1, 1, 1, 1, 0, 0], [0, 0, 1, 1, 1, 1, 1, 1, 1, 1, 1, 1, 0, 0, 0], [1, 1, 1, 1, 1, 0, 0, 1, 1, 1, 1, 0, 0, 0, 0], [1, 1, 0, 1, 1, 0, 0, 0, 1, 1, 1, 1, 0, 0, 0], [1, 1, 0, 0, 0, 0, 0, 0, 1, 1, 1, 1, 0, 0, 0]]
1439
818
1439
818
cosnstr type <type 'int'>
cost type <type 'int'>
iteration 0
IT HAPPENED (4, 5)
Greedy cost, greedy val 848 1484
greedyMap [[1, 1, 1, 1, 1, 1, 1, 1, 1, 1, 1, 1, 1, 1, 0], [1, 1, 1, 1, 1, 1, 1, 1, 1, 1, 1, 1, 1, 1, 1], [1, 1, 1, 1, 0, 0, 1, 1, 1, 1, 1, 1, 1, 1, 1], [0, 1, 1, 1, 0, 0, 0, 0, 0, 0, 1, 1, 1, 1, 1], [0, 0, 1, 1, 0, 0, 0, 0, 0, 0, 1, 1, 1, 1, 1], [1, 0, 0, 0, 1, 1, 0, 0, 0, 0, 0, 1, 1, 0, 1], [0, 0, 1, 1, 1, 1, 1, 1, 0, 0, 0, 1, 1, 0, 0], [0, 0, 1, 1, 1, 1, 1, 0, 1, 1, 1, 1, 1, 0, 0], [0, 0, 1, 1, 1, 1, 1, 1, 1, 0, 1, 1, 1, 0, 0], [0, 0, 1, 1, 1, 1, 1, 1, 0, 1, 1, 1, 1, 0, 0], [0, 0, 1, 1, 1, 1, 1, 1, 1, 1, 1, 1, 1, 0, 0], [0, 0, 1, 1, 1, 1, 1, 1, 1, 1, 1, 1, 0, 0, 0], [1, 1, 1, 1, 1, 0, 0, 1, 1, 1, 1, 0, 0, 0, 0], [1, 1, 0, 1, 1, 0, 0, 0, 1, 1, 1, 1, 0, 0, 0], [1, 1, 0, 0, 0, 0, 0, 0, 1, 1, 1, 1, 0, 0, 0]]
1484
848
1484
848
cosnstr type <type 'int'>
cost type <type 'int'>
iteration 0
IT HAPPENED (5, 10)
Greedy cost, greedy val 870 1519
greedyMap [[1, 1, 1, 1, 1, 1, 1, 1, 1, 1, 1, 1, 1, 1, 0], [1, 1, 1, 1, 1, 1, 1, 1, 1, 1, 1, 1, 1, 1, 1], [1, 1, 1, 1, 0, 0, 1, 1, 1, 1, 1, 1, 1, 1, 1], [0, 1, 1, 1, 0, 0, 0, 0, 0, 0, 1, 1, 1, 1, 1], [0, 0, 1, 1, 1, 1, 0, 0, 0, 0, 1, 1, 1, 1, 1], [1, 0, 0, 1, 1, 1, 0, 0, 0, 0, 0, 1, 1, 0, 1], [0, 0, 1, 1, 1, 1, 1, 1, 0, 0, 0, 1, 1, 0, 0], [0, 0, 1, 1, 1, 1, 1, 0, 1, 1, 1, 1, 1, 0, 0], [0, 0, 1, 1, 1, 1, 1, 1, 1, 0, 1, 1, 1, 0, 0], [0, 0, 1, 1, 1, 1, 1, 1, 0, 1, 1, 1, 1, 0, 0], [0, 0, 1, 1, 1, 1, 1, 1, 1, 1, 1, 1, 1, 0, 0], [0, 0, 1, 1, 1, 1, 1, 1, 1, 1, 1, 1, 0, 0, 0], [1, 1, 1, 1, 1, 0, 0, 1, 1, 1, 1, 0, 0, 0, 0], [1, 1, 0, 1, 1, 0, 0, 0, 1, 1, 1, 1, 0, 0, 0], [1, 1, 0, 0, 0, 0, 0, 0, 1, 1, 1, 1, 0, 0, 0]]
1519
870
1519
870
cosnstr type <type 'int'>
cost type <type 'int'>
iteration 0
IT HAPPENED (6, 8)
Greedy cost, greedy val 899 1558
greedyMap [[1, 1, 1, 1, 1, 1, 1, 1, 1, 1, 1, 1, 1, 1, 0], [1, 1, 1, 1, 1, 1, 1, 1, 1, 1, 1, 1, 1, 1, 1], [1, 1, 1, 1, 0, 0, 1, 1, 1, 1, 1, 1, 1, 1, 1], [0, 1, 1, 1, 0, 0, 0, 0, 0, 0, 1, 1, 1, 1, 1], [0, 0, 1, 1, 1, 1, 0, 0, 0, 0, 1, 1, 1, 1, 1], [1, 0, 0, 1, 1, 1, 0, 0, 0, 0, 1, 1, 1, 0, 1], [0, 0, 1, 1, 1, 1, 1, 1, 0, 1, 1, 1, 1, 0, 0], [0, 0, 1, 1, 1, 1, 1, 0, 1, 1, 1, 1, 1, 0, 0], [0, 0, 1, 1, 1, 1, 1, 1, 1, 0, 1, 1, 1, 0, 0], [0, 0, 1, 1, 1, 1, 1, 1, 0, 1, 1, 1, 1, 0, 0], [0, 0, 1, 1, 1, 1, 1, 1, 1, 1, 1, 1, 1, 0, 0], [0, 0, 1, 1, 1, 1, 1, 1, 1, 1, 1, 1, 0, 0, 0], [1, 1, 1, 1, 1, 0, 0, 1, 1, 1, 1, 0, 0, 0, 0], [1, 1, 0, 1, 1, 0, 0, 0, 1, 1, 1, 1, 0, 0, 0], [1, 1, 0, 0, 0, 0, 0, 0, 1, 1, 1, 1, 0, 0, 0]]
1558
899
1558
899
cosnstr type <type 'int'>
cost type <type 'int'>
iteration 0
IT HAPPENED (4, 9)
Greedy cost, greedy val 921 1586
greedyMap [[1, 1, 1, 1, 1, 1, 1, 1, 1, 1, 1, 1, 1, 1, 0], [1, 1, 1, 1, 1, 1, 1, 1, 1, 1, 1, 1, 1, 1, 1], [1, 1, 1, 1, 0, 0, 1, 1, 1, 1, 1, 1, 1, 1, 1], [0, 1, 1, 1, 0, 0, 0, 0, 0, 0, 1, 1, 1, 1, 1], [0, 0, 1, 1, 1, 1, 0, 0, 0, 0, 1, 1, 1, 1, 1], [1, 0, 0, 1, 1, 1, 0, 0, 0, 1, 1, 1, 1, 0, 1], [0, 0, 1, 1, 1, 1, 1, 1, 1, 1, 1, 1, 1, 0, 0], [0, 0, 1, 1, 1, 1, 1, 1, 1, 1, 1, 1, 1, 0, 0], [0, 0, 1, 1, 1, 1, 1, 1, 1, 0, 1, 1, 1, 0, 0], [0, 0, 1, 1, 1, 1, 1, 1, 0, 1, 1, 1, 1, 0, 0], [0, 0, 1, 1, 1, 1, 1, 1, 1, 1, 1, 1, 1, 0, 0], [0, 0, 1, 1, 1, 1, 1, 1, 1, 1, 1, 1, 0, 0, 0], [1, 1, 1, 1, 1, 0, 0, 1, 1, 1, 1, 0, 0, 0, 0], [1, 1, 0, 1, 1, 0, 0, 0, 1, 1, 1, 1, 0, 0, 0], [1, 1, 0, 0, 0, 0, 0, 0, 1, 1, 1, 1, 0, 0, 0]]
1586
921
1586
921
cosnstr type <type 'int'>
cost type <type 'int'>
iteration 0
IT HAPPENED (3, 9)
Greedy cost, greedy val 947 1626
greedyMap [[1, 1, 1, 1, 1, 1, 1, 1, 1, 1, 1, 1, 1, 1, 0], [1, 1, 1, 1, 1, 1, 1, 1, 1, 1, 1, 1, 1, 1, 1], [1, 1, 1, 1, 0, 0, 1, 1, 1, 1, 1, 1, 1, 1, 1], [0, 1, 1, 1, 0, 0, 0, 0, 0, 0, 1, 1, 1, 1, 1], [0, 0, 1, 1, 1, 1, 0, 0, 1, 1, 1, 1, 1, 1, 1], [1, 0, 0, 1, 1, 1, 0, 0, 1, 1, 1, 1, 1, 0, 1], [0, 0, 1, 1, 1, 1, 1, 1, 1, 1, 1, 1, 1, 0, 0], [0, 0, 1, 1, 1, 1, 1, 1, 1, 1, 1, 1, 1, 0, 0], [0, 0, 1, 1, 1, 1, 1, 1, 1, 0, 1, 1, 1, 0, 0], [0, 0, 1, 1, 1, 1, 1, 1, 0, 1, 1, 1, 1, 0, 0], [0, 0, 1, 1, 1, 1, 1, 1, 1, 1, 1, 1, 1, 0, 0], [0, 0, 1, 1, 1, 1, 1, 1, 1, 1, 1, 1, 0, 0, 0], [1, 1, 1, 1, 1, 0, 0, 1, 1, 1, 1, 0, 0, 0, 0], [1, 1, 0, 1, 1, 0, 0, 0, 1, 1, 1, 1, 0, 0, 0], [1, 1, 0, 0, 0, 0, 0, 0, 1, 1, 1, 1, 0, 0, 0]]
1626
947
1626
947
cosnstr type <type 'int'>
cost type <type 'int'>
iteration 0
IT HAPPENED (3, 6)
Greedy cost, greedy val 973 1673
greedyMap [[1, 1, 1, 1, 1, 1, 1, 1, 1, 1, 1, 1, 1, 1, 0], [1, 1, 1, 1, 1, 1, 1, 1, 1, 1, 1, 1, 1, 1, 1], [1, 1, 1, 1, 0, 0, 1, 1, 1, 1, 1, 1, 1, 1, 1], [0, 1, 1, 1, 0, 0, 0, 1, 1, 1, 1, 1, 1, 1, 1], [0, 0, 1, 1, 1, 1, 0, 1, 1, 1, 1, 1, 1, 1, 1], [1, 0, 0, 1, 1, 1, 0, 0, 1, 1, 1, 1, 1, 0, 1], [0, 0, 1, 1, 1, 1, 1, 1, 1, 1, 1, 1, 1, 0, 0], [0, 0, 1, 1, 1, 1, 1, 1, 1, 1, 1, 1, 1, 0, 0], [0, 0, 1, 1, 1, 1, 1, 1, 1, 0, 1, 1, 1, 0, 0], [0, 0, 1, 1, 1, 1, 1, 1, 0, 1, 1, 1, 1, 0, 0], [0, 0, 1, 1, 1, 1, 1, 1, 1, 1, 1, 1, 1, 0, 0], [0, 0, 1, 1, 1, 1, 1, 1, 1, 1, 1, 1, 0, 0, 0], [1, 1, 1, 1, 1, 0, 0, 1, 1, 1, 1, 0, 0, 0, 0], [1, 1, 0, 1, 1, 0, 0, 0, 1, 1, 1, 1, 0, 0, 0], [1, 1, 0, 0, 0, 0, 0, 0, 1, 1, 1, 1, 0, 0, 0]]
1673
973
1673
973
cosnstr type <type 'int'>
cost type <type 'int'>
iteration 0
IT HAPPENED (2, 4)
Greedy cost, greedy val 999 1718
greedyMap [[1, 1, 1, 1, 1, 1, 1, 1, 1, 1, 1, 1, 1, 1, 0], [1, 1, 1, 1, 1, 1, 1, 1, 1, 1, 1, 1, 1, 1, 1], [1, 1, 1, 1, 0, 1, 1, 1, 1, 1, 1, 1, 1, 1, 1], [0, 1, 1, 1, 0, 1, 1, 1, 1, 1, 1, 1, 1, 1, 1], [0, 0, 1, 1, 1, 1, 0, 1, 1, 1, 1, 1, 1, 1, 1], [1, 0, 0, 1, 1, 1, 0, 0, 1, 1, 1, 1, 1, 0, 1], [0, 0, 1, 1, 1, 1, 1, 1, 1, 1, 1, 1, 1, 0, 0], [0, 0, 1, 1, 1, 1, 1, 1, 1, 1, 1, 1, 1, 0, 0], [0, 0, 1, 1, 1, 1, 1, 1, 1, 0, 1, 1, 1, 0, 0], [0, 0, 1, 1, 1, 1, 1, 1, 0, 1, 1, 1, 1, 0, 0], [0, 0, 1, 1, 1, 1, 1, 1, 1, 1, 1, 1, 1, 0, 0], [0, 0, 1, 1, 1, 1, 1, 1, 1, 1, 1, 1, 0, 0, 0], [1, 1, 1, 1, 1, 0, 0, 1, 1, 1, 1, 0, 0, 0, 0], [1, 1, 0, 1, 1, 0, 0, 0, 1, 1, 1, 1, 0, 0, 0], [1, 1, 0, 0, 0, 0, 0, 0, 1, 1, 1, 1, 0, 0, 0]]
1718
999
1718
999
cosnstr type <type 'int'>
cost type <type 'int'>
iteration 0
IT HAPPENED (4, 6)
Greedy cost, greedy val 1016 1754
greedyMap [[1, 1, 1, 1, 1, 1, 1, 1, 1, 1, 1, 1, 1, 1, 0], [1, 1, 1, 1, 1, 1, 1, 1, 1, 1, 1, 1, 1, 1, 1], [1, 1, 1, 1, 1, 1, 1, 1, 1, 1, 1, 1, 1, 1, 1], [0, 1, 1, 1, 1, 1, 1, 1, 1, 1, 1, 1, 1, 1, 1], [0, 0, 1, 1, 1, 1, 0, 1, 1, 1, 1, 1, 1, 1, 1], [1, 0, 0, 1, 1, 1, 0, 0, 1, 1, 1, 1, 1, 0, 1], [0, 0, 1, 1, 1, 1, 1, 1, 1, 1, 1, 1, 1, 0, 0], [0, 0, 1, 1, 1, 1, 1, 1, 1, 1, 1, 1, 1, 0, 0], [0, 0, 1, 1, 1, 1, 1, 1, 1, 0, 1, 1, 1, 0, 0], [0, 0, 1, 1, 1, 1, 1, 1, 0, 1, 1, 1, 1, 0, 0], [0, 0, 1, 1, 1, 1, 1, 1, 1, 1, 1, 1, 1, 0, 0], [0, 0, 1, 1, 1, 1, 1, 1, 1, 1, 1, 1, 0, 0, 0], [1, 1, 1, 1, 1, 0, 0, 1, 1, 1, 1, 0, 0, 0, 0], [1, 1, 0, 1, 1, 0, 0, 0, 1, 1, 1, 1, 0, 0, 0], [1, 1, 0, 0, 0, 0, 0, 0, 1, 1, 1, 1, 0, 0, 0]]
1754
1016
1754
1016
cosnstr type <type 'int'>
cost type <type 'int'>
iteration 0
(1688, 1018, 'g')
iteration 1
(1669, 989, 'g')
iteration 1
(1549, 947, 'g')
iteration 1
(1594, 973, 'g')
iteration 1
(1445, 866, 'g')
iteration 1
(1537, 916, 'g')
iteration 1
(1509, 892, 'g')
iteration 1
(1397, 822, 'g')
iteration 1
(1428, 840, 'g')
iteration 1
(1270, 745, 'g')
iteration 1
(1366, 791, 'g')
iteration 1
(1319, 768, 'g')
iteration 1
(1131, 649, 'g')
iteration 1
(1174, 664, 'g')
iteration 1
(1202, 696, 'g')
iteration 1
(1239, 720, 'g')
iteration 1
(987, 541, 'g')
iteration 1
(1096, 617, 'g')
iteration 1
(1071, 593, 'g')
iteration 1
(1028, 569, 'g')
iteration 1
(1767, 1019, 'g')
iteration 2
(1709, 991, 'g')
iteration 2
(1638, 945, 'g')
iteration 2
(1677, 971, 'g')
iteration 2
(1518, 867, 'g')
iteration 2
(1601, 918, 'g')
iteration 2
(1581, 898, 'g')
iteration 2
(1339, 740, 'g')
iteration 2
(1465, 823, 'g')
iteration 2
(1482, 839, 'g')
iteration 2
(1370, 771, 'g')
iteration 2
(1412, 790, 'g')
iteration 2
(1285, 696, 'g')
iteration 2
(1307, 724, 'g')
iteration 2
(1116, 591, 'g')
iteration 2
(1209, 667, 'g')
iteration 2
(1186, 647, 'g')
iteration 2
(1044, 543, 'g')
iteration 2
(1141, 618, 'g')
iteration 2
(1078, 568, 'g')
iteration 2
(1773, 1024, 'g')
iteration 3
(1718, 994, 'g')
iteration 3
(1682, 974, 'g')
iteration 3
(1645, 945, 'g')
iteration 3
(1548, 873, 'g')
iteration 3
(1581, 898, 'g')
iteration 3
(1612, 923, 'g')
iteration 3
(1501, 846, 'g')
iteration 3
(1361, 740, 'g')
iteration 3
(1044, 543, 'g')
iteration 3
(1465, 823, 'g')
iteration 3
(1374, 772, 'g')
iteration 3
(1426, 800, 'g')
iteration 3
(1186, 647, 'g')
iteration 3
(1612, 923, 'g')
iteration 4
(1221, 673, 'g')
iteration 3
(1116, 591, 'g')
iteration 3
(1307, 724, 'g')
iteration 3
(1290, 700, 'g')
iteration 3
(1078, 568, 'g')
iteration 3
(1161, 621, 'g')
iteration 3
(1773, 1024, 'g')
iteration 4
(1548, 873, 'g')
iteration 4
(1718, 994, 'g')
iteration 4
(1682, 974, 'g')
iteration 4
(1652, 945, 'g')
iteration 4
(1581, 898, 'g')
iteration 4
(1361, 740, 'g')
iteration 4
(1501, 846, 'g')
iteration 4
(1044, 543, 'g')
iteration 4
(1465, 823, 'g')
iteration 4
(1612, 923, 'g')
iteration 5
(1383, 764, 'g')
iteration 4
(1307, 724, 'g')
iteration 4
(1221, 673, 'g')
iteration 4
(1116, 591, 'g')
iteration 4
(1435, 790, 'g')
iteration 4
(1186, 647, 'g')
iteration 4
(1290, 700, 'g')
iteration 4
(1078, 568, 'g')
iteration 4
(1161, 621, 'g')
iteration 4
(1773, 1024, 'g')
iteration 5
(1548, 873, 'g')
iteration 5
(1718, 994, 'g')
iteration 5
(1682, 974, 'g')
iteration 5
(1652, 945, 'g')
iteration 5
(1361, 740, 'g')
iteration 5
(1044, 543, 'g')
iteration 5
(1465, 823, 'g')
iteration 5
(1620, 925, 'p')
iteration 6
(1501, 846, 'g')
iteration 5
(1307, 724, 'g')
iteration 5
(1221, 673, 'g')
iteration 5
(1116, 591, 'g')
iteration 5
(1383, 764, 'g')
iteration 5
(1435, 790, 'g')
iteration 5
(1290, 700, 'g')
iteration 5
(1186, 647, 'g')
iteration 5
(1081, 573, 'p')
iteration 5
(1161, 621, 'g')
iteration 5
(1773, 1024, 'g')
iteration 6
(1548, 873, 'g')
iteration 6
(1718, 994, 'g')
iteration 6
(1682, 974, 'g')
iteration 6
(1652, 945, 'g')
iteration 6
(1581, 898, 'g')
iteration 5
(1620, 925, 'p')
iteration 7
(1370, 745, 'p')
iteration 6
(1044, 543, 'g')
iteration 6
(1465, 823, 'g')
iteration 6
(1501, 846, 'g')
iteration 6
(1620, 925, 'p')
iteration 8
(1221, 673, 'g')
iteration 6
(1307, 724, 'g')
iteration 6
(1116, 591, 'g')
iteration 6
(1435, 790, 'g')
iteration 6
(1620, 925, 'p')
iteration 9
(1290, 700, 'g')
iteration 6
(1620, 925, 'p')
iteration 10
(1190, 649, 'p')
iteration 6
(1620, 925, 'p')
iteration 11
(1087, 573, 'g')
iteration 6
(1161, 621, 'g')
iteration 6
(1773, 1024, 'g')
iteration 7
(1620, 925, 'p')
iteration 12
(1548, 873, 'g')
iteration 7
(1620, 925, 'p')
iteration 13
(1718, 994, 'g')
iteration 7
(1620, 925, 'p')
iteration 14
(1682, 974, 'g')
iteration 7
(1620, 925, 'p')
[(1620, 925, 'p'), (1619, 921, 'm'), (1618, 924, 'm'), (1612, 923, 'g'), (1611, 915, 'g'), (1611, 920, 'p'), (1601, 918, 'g'), (1537, 916, 'g'), (1158, 923, 'r'), (1138, 913, 'r'), (1137, 917, 'r'), (1125, 917, 'r'), (1119, 911, 'r'), (1109, 917, 'r'), (1070, 918, 'r')]
time:  66115.457
constraint 925
([[1, 1, 1, 1, 1, 1, 1, 1, 1, 1, 1, 1, 1, 0, 0], [1, 1, 1, 1, 1, 1, 1, 1, 1, 1, 1, 1, 1, 0, 0], [1, 1, 1, 1, 1, 1, 1, 1, 1, 1, 0, 1, 1, 1, 1], [0, 1, 1, 1, 1, 1, 1, 1, 1, 0, 0, 1, 1, 1, 1], [0, 0, 1, 1, 1, 1, 0, 1, 0, 0, 0, 1, 1, 1, 1], [1, 0, 0, 1, 1, 1, 0, 0, 0, 0, 0, 1, 1, 0, 1], [0, 0, 1, 1, 1, 1, 0, 0, 0, 0, 0, 1, 1, 0, 0], [0, 1, 1, 1, 1, 1, 0, 0, 1, 1, 1, 1, 1, 0, 0], [1, 1, 1, 1, 1, 1, 0, 0, 1, 0, 1, 1, 1, 0, 0], [1, 1, 1, 1, 1, 1, 1, 0, 0, 1, 1, 1, 0, 0, 0], [1, 1, 1, 1, 1, 1, 1, 1, 1, 1, 1, 0, 0, 0, 1], [1, 0, 1, 1, 1, 1, 1, 1, 1, 1, 1, 0, 0, 0, 1], [1, 1, 1, 1, 1, 0, 0, 1, 1, 1, 1, 0, 0, 1, 1], [1, 1, 0, 1, 1, 0, 0, 0, 1, 1, 1, 1, 1, 1, 0], [1, 1, 0, 1, 1, 1, 0, 0, 1, 1, 0, 1, 0, 1, 1]], 1620, 925, 'p')
(1652, 945, 'g')
iteration 7
(1581, 898, 'g')
iteration 6
(1370, 745, 'p')
iteration 7
(1044, 543, 'g')
iteration 7
(1465, 823, 'g')
iteration 7
(1501, 846, 'g')
iteration 7
(1383, 764, 'g')
iteration 6
(1221, 673, 'g')
iteration 7
(1307, 724, 'g')
iteration 7
(1116, 591, 'g')
iteration 7
(1435, 790, 'g')
iteration 7
(1290, 700, 'g')
iteration 7
(1197, 649, 'g')
iteration 7
(1161, 621, 'g')
iteration 7
(1773, 1024, 'g')
iteration 8
(1548, 873, 'g')
iteration 8
(1718, 994, 'g')
iteration 8
(1682, 974, 'g')
iteration 8
(1652, 945, 'g')
iteration 8
(1581, 898, 'g')
iteration 7
(1370, 745, 'p')
iteration 8
(1044, 543, 'g')
iteration 8
(1465, 823, 'g')
iteration 8
(1221, 673, 'g')
iteration 8
(1307, 724, 'g')
iteration 8
(1116, 591, 'g')
iteration 8
(1435, 790, 'g')
iteration 8
(1501, 846, 'g')
iteration 8
(1290, 700, 'g')
iteration 8
(1197, 649, 'g')
iteration 8
(1087, 573, 'g')
iteration 7
(1548, 873, 'g')
iteration 9
(1161, 621, 'g')
iteration 8
(1773, 1024, 'g')
iteration 9
(1718, 994, 'g')
iteration 9
(1682, 974, 'g')
iteration 9
(1652, 945, 'g')
iteration 9
(1581, 898, 'g')
iteration 8
(1370, 745, 'p')
iteration 9
(1044, 543, 'g')
iteration 9
(1465, 823, 'g')
iteration 9
(1383, 764, 'g')
iteration 7
(1221, 673, 'g')
iteration 9
(1307, 724, 'g')
iteration 9
(1116, 591, 'g')
iteration 9
(1435, 790, 'g')
iteration 9
(1290, 700, 'g')
iteration 9
(1197, 649, 'g')
iteration 9
(1501, 846, 'g')
iteration 9
(1548, 873, 'g')
iteration 10
(1161, 621, 'g')
iteration 9
(1773, 1024, 'g')
iteration 10
(1718, 994, 'g')
iteration 10
(1682, 974, 'g')
iteration 10
(1652, 945, 'g')
iteration 10
(1581, 898, 'g')
iteration 9
(1370, 745, 'p')
iteration 10
(1044, 543, 'g')
iteration 10
(1465, 823, 'g')
iteration 10
(1221, 673, 'g')
iteration 10
(1307, 724, 'g')
iteration 10
(1116, 591, 'g')
iteration 10
(1435, 790, 'g')
iteration 10
(1087, 573, 'g')
iteration 8
(1290, 700, 'g')
iteration 10
(1197, 649, 'g')
iteration 10
(1501, 846, 'g')
iteration 10
(1548, 873, 'g')
iteration 11
(1161, 621, 'g')
iteration 10
(1773, 1024, 'g')
iteration 11
(1718, 994, 'g')
iteration 11
(1682, 974, 'g')
iteration 11
(1652, 945, 'g')
iteration 11
(1581, 898, 'g')
iteration 10
(1370, 745, 'p')
iteration 11
(1044, 543, 'g')
iteration 11
(1383, 764, 'g')
iteration 8
(1465, 823, 'g')
iteration 11
(1221, 673, 'g')
iteration 11
(1307, 724, 'g')
iteration 11
(1116, 591, 'g')
iteration 11
(1435, 790, 'g')
iteration 11
(1290, 700, 'g')
iteration 11
(1197, 649, 'g')
iteration 11
(1548, 873, 'g')
iteration 12
(1161, 621, 'g')
iteration 11
(1087, 573, 'g')
iteration 9
(1501, 846, 'g')
iteration 11
(1773, 1024, 'g')
iteration 12
(1718, 994, 'g')
iteration 12
(1682, 974, 'g')
iteration 12
(1652, 945, 'g')
iteration 12
(1581, 898, 'g')
iteration 11
(1370, 745, 'p')
iteration 12
(1044, 543, 'g')
iteration 12
(1383, 764, 'g')
iteration 9
(1465, 823, 'g')
iteration 12
(1221, 673, 'g')
iteration 12
(1307, 724, 'g')
iteration 12
(1116, 591, 'g')
iteration 12
(1435, 790, 'g')
iteration 12
(1290, 700, 'g')
iteration 12
(1197, 649, 'g')
iteration 12
(1548, 873, 'g')
iteration 13
(1161, 621, 'g')
iteration 12
(1088, 575, 'p')
iteration 10
(1773, 1024, 'g')
iteration 13
(1501, 846, 'g')
iteration 12
(1718, 994, 'g')
iteration 13
(1682, 974, 'g')
iteration 13
(1652, 945, 'g')
iteration 13
(1581, 898, 'g')
iteration 12
(1370, 745, 'p')
iteration 13
(1044, 543, 'g')
iteration 13
(1396, 773, 'p')
iteration 10
(1465, 823, 'g')
iteration 13
(1221, 673, 'g')
iteration 13
(1307, 724, 'g')
iteration 13
(1116, 591, 'g')
iteration 13
(1435, 790, 'g')
iteration 13
(1290, 700, 'g')
iteration 13
(1197, 649, 'g')
iteration 13
(1548, 873, 'g')
iteration 14
(1088, 575, 'p')
iteration 11
(1161, 621, 'g')
iteration 13
(1773, 1024, 'g')
iteration 14
(1088, 575, 'p')
iteration 12
(1505, 850, 'p')
iteration 13
(1718, 994, 'g')
iteration 14
(1088, 575, 'p')
iteration 13
(1682, 974, 'g')
iteration 14
(1088, 575, 'p')
iteration 14
(1652, 945, 'g')
iteration 14
(1581, 898, 'g')
iteration 13
(1088, 575, 'p')
[(1088, 575, 'p'), (1087, 573, 'g'), (1087, 572, 'g'), (1081, 573, 'p'), (1081, 569, 'p'), (1079, 574, 'p'), (1078, 568, 'g'), (1078, 566, 'p'), (1071, 564, 'g'), (1067, 562, 'p'), (1066, 570, 'g'), (1028, 569, 'g'), (570, 554, 'r'), (548, 571, 'r'), (542, 566, 'r')]
time:  158374.994
constraint 575
([[0, 1, 1, 1, 1, 0, 1, 0, 1, 1, 1, 1, 1, 0, 0], [0, 1, 1, 1, 1, 1, 1, 0, 1, 1, 1, 1, 1, 0, 0], [0, 1, 1, 1, 0, 0, 0, 0, 1, 1, 0, 1, 1, 0, 0], [0, 1, 1, 0, 0, 0, 0, 0, 1, 0, 0, 1, 1, 0, 0], [0, 0, 1, 0, 0, 0, 0, 1, 1, 0, 0, 1, 1, 1, 1], [1, 0, 0, 0, 0, 1, 0, 0, 0, 0, 0, 1, 1, 0, 1], [0, 0, 1, 1, 1, 1, 0, 0, 0, 0, 0, 1, 1, 0, 0], [0, 0, 1, 1, 1, 1, 0, 0, 1, 1, 1, 1, 1, 0, 0], [0, 0, 0, 0, 1, 1, 0, 0, 1, 0, 1, 1, 1, 0, 0], [0, 0, 0, 0, 1, 1, 1, 0, 0, 1, 1, 1, 0, 0, 0], [0, 0, 0, 1, 1, 1, 1, 1, 1, 1, 1, 0, 0, 0, 0], [0, 0, 1, 1, 1, 1, 1, 1, 1, 1, 1, 0, 0, 0, 0], [1, 1, 1, 1, 1, 0, 0, 1, 1, 1, 1, 0, 0, 0, 0], [1, 1, 0, 1, 1, 0, 0, 0, 1, 1, 1, 1, 0, 0, 0], [1, 1, 0, 0, 0, 0, 0, 0, 1, 1, 1, 1, 0, 0, 0]], 1088, 575, 'p')
(1370, 745, 'p')
iteration 14
(1044, 543, 'g')
iteration 14
(1396, 773, 'p')
iteration 11
(1465, 823, 'g')
iteration 14
(1221, 673, 'g')
iteration 14
(1307, 724, 'g')
iteration 14
(1116, 591, 'g')
iteration 14
(1435, 790, 'g')
iteration 14
(1290, 700, 'g')
iteration 14
(1197, 649, 'g')
iteration 14
(1548, 873, 'g')
[(1548, 873, 'g'), (1534, 875, 'p'), (1531, 873, 'g'), (1528, 871, 'g'), (1524, 875, 'p'), (1522, 868, 'p'), (1518, 867, 'g'), (1514, 860, 'p'), (1445, 866, 'g'), (1066, 871, 'r'), (1036, 851, 'r'), (1035, 871, 'r'), (1020, 873, 'r'), (1020, 868, 'r'), (1005, 875, 'r')]
time:  159921.636
constraint 875
([[0, 1, 1, 1, 1, 1, 1, 1, 1, 1, 1, 1, 1, 0, 0], [0, 1, 1, 1, 1, 1, 1, 1, 1, 1, 1, 1, 1, 0, 0], [0, 1, 1, 1, 1, 1, 1, 1, 1, 1, 1, 1, 1, 0, 0], [0, 1, 1, 1, 1, 1, 1, 1, 1, 1, 1, 1, 1, 0, 0], [0, 0, 1, 1, 1, 1, 1, 1, 1, 1, 1, 1, 1, 1, 1], [0, 0, 0, 1, 1, 1, 0, 0, 1, 1, 1, 1, 1, 0, 1], [0, 0, 1, 1, 1, 1, 0, 0, 1, 1, 1, 1, 1, 0, 0], [0, 0, 1, 1, 1, 1, 0, 0, 1, 1, 1, 1, 1, 0, 0], [0, 0, 1, 1, 1, 1, 1, 1, 0, 0, 1, 1, 1, 0, 0], [0, 0, 1, 1, 1, 1, 1, 1, 0, 1, 1, 1, 0, 0, 0], [0, 0, 1, 1, 1, 1, 1, 1, 1, 1, 1, 0, 0, 0, 0], [0, 0, 1, 1, 1, 1, 1, 0, 1, 1, 1, 0, 0, 0, 0], [0, 1, 1, 1, 1, 0, 0, 0, 1, 1, 1, 0, 0, 0, 0], [1, 1, 0, 1, 1, 0, 0, 0, 0, 1, 1, 1, 0, 1, 1], [1, 1, 0, 0, 0, 0, 0, 0, 0, 1, 1, 1, 0, 1, 1]], 1548, 873, 'g')
(1161, 621, 'g')
iteration 14
(1773, 1024, 'g')
[(1773, 1024, 'g'), (1767, 1019, 'g'), (1761, 1023, 'g'), (1758, 1012, 'p'), (1744, 1025, 'm'), (1688, 1018, 'g'), (1341, 1010, 'r'), (1341, 1016, 'r'), (1327, 1002, 'r'), (1327, 1022, 'r'), (1313, 1010, 'r'), (1312, 1021, 'r'), (1308, 1013, 'r'), (1299, 1019, 'r'), (1297, 984, 'r')]
time:  159917.12
constraint 1025
([[1, 1, 1, 1, 1, 1, 1, 1, 1, 1, 1, 1, 1, 0, 0], [1, 1, 1, 1, 1, 1, 1, 1, 1, 1, 1, 1, 1, 1, 1], [1, 1, 1, 1, 1, 1, 1, 1, 1, 1, 1, 1, 1, 1, 1], [0, 1, 1, 1, 1, 1, 1, 1, 1, 1, 1, 1, 1, 0, 0], [0, 0, 1, 1, 1, 1, 1, 1, 1, 1, 1, 1, 1, 1, 1], [1, 0, 0, 1, 1, 1, 0, 0, 1, 1, 1, 1, 1, 0, 1], [0, 0, 1, 1, 1, 1, 0, 0, 1, 1, 1, 1, 1, 0, 0], [0, 1, 1, 1, 1, 1, 0, 0, 1, 1, 1, 1, 1, 0, 0], [1, 1, 1, 1, 1, 1, 0, 0, 0, 0, 1, 1, 1, 0, 0], [1, 1, 1, 1, 1, 1, 1, 0, 0, 1, 1, 1, 0, 0, 0], [1, 1, 1, 1, 1, 1, 1, 1, 1, 1, 1, 0, 0, 0, 1], [1, 0, 1, 1, 1, 1, 1, 1, 1, 1, 1, 0, 0, 0, 1], [1, 1, 1, 1, 1, 0, 0, 1, 1, 1, 1, 0, 0, 1, 1], [1, 1, 0, 1, 1, 0, 0, 0, 1, 1, 1, 1, 0, 1, 1], [1, 1, 0, 0, 0, 0, 0, 0, 1, 1, 1, 1, 0, 1, 1]], 1773, 1024, 'g')
(1505, 850, 'p')
iteration 14
(1718, 994, 'g')
[(1718, 994, 'g'), (1709, 991, 'g'), (1708, 991, 'g'), (1706, 996, 'm'), (1706, 999, 'p'), (1669, 989, 'g'), (1302, 993, 'r'), (1283, 990, 'r'), (1271, 973, 'r'), (1271, 988, 'r'), (1269, 997, 'r'), (1261, 982, 'r'), (1256, 998, 'r'), (1255, 994, 'r'), (1242, 974, 'r')]
time:  160743.071
constraint 1000
([[0, 1, 1, 1, 1, 1, 1, 1, 1, 1, 1, 1, 1, 0, 0], [1, 1, 1, 0, 1, 1, 1, 1, 1, 1, 1, 1, 1, 1, 1], [1, 1, 1, 1, 1, 1, 1, 1, 1, 1, 1, 1, 1, 1, 1], [0, 1, 1, 1, 1, 1, 1, 1, 1, 1, 1, 1, 1, 0, 0], [0, 0, 1, 1, 1, 1, 1, 1, 1, 1, 1, 1, 1, 1, 1], [1, 0, 0, 1, 1, 1, 1, 1, 1, 1, 1, 1, 1, 1, 1], [0, 0, 1, 1, 1, 1, 1, 1, 1, 1, 1, 1, 1, 1, 1], [1, 1, 1, 1, 1, 1, 1, 0, 1, 1, 1, 1, 1, 1, 1], [1, 1, 1, 1, 1, 1, 1, 0, 0, 0, 1, 1, 1, 1, 0], [0, 0, 1, 1, 1, 1, 1, 0, 0, 1, 1, 1, 0, 0, 0], [0, 0, 1, 1, 1, 1, 1, 1, 1, 1, 1, 0, 0, 0, 0], [0, 0, 1, 1, 1, 1, 1, 1, 1, 1, 1, 0, 0, 0, 0], [0, 1, 1, 1, 1, 0, 0, 0, 1, 1, 1, 0, 0, 0, 0], [0, 1, 0, 1, 1, 0, 0, 0, 1, 1, 1, 1, 0, 0, 0], [0, 1, 0, 1, 0, 0, 0, 0, 1, 1, 0, 1, 0, 0, 0]], 1718, 994, 'g')
(1682, 974, 'g')
[(1682, 974, 'g'), (1678, 973, 'p'), (1677, 971, 'g'), (1674, 969, 'g'), (1666, 965, 'p'), (1661, 974, 'p'), (1660, 959, 'p'), (1594, 973, 'g'), (1243, 971, 'r'), (1228, 973, 'r'), (1228, 947, 'r'), (1218, 974, 'r'), (1217, 974, 'r'), (1192, 969, 'r'), (1175, 973, 'r')]
time:  160973.561
constraint 975
([[1, 1, 1, 1, 1, 1, 1, 1, 1, 1, 1, 1, 1, 0, 0], [1, 1, 1, 0, 1, 1, 1, 1, 1, 1, 1, 1, 1, 1, 1], [1, 1, 1, 1, 1, 1, 1, 1, 1, 1, 0, 1, 1, 1, 1], [1, 1, 1, 0, 0, 1, 1, 1, 1, 0, 0, 1, 1, 1, 1], [1, 0, 1, 0, 0, 1, 0, 1, 0, 0, 0, 1, 1, 1, 1], [1, 0, 0, 0, 1, 1, 0, 0, 0, 0, 0, 1, 1, 1, 1], [0, 0, 1, 1, 1, 1, 1, 1, 0, 0, 0, 1, 1, 1, 1], [1, 1, 1, 1, 1, 1, 1, 1, 1, 1, 1, 1, 1, 1, 1], [1, 1, 1, 1, 1, 1, 1, 1, 0, 0, 1, 1, 1, 1, 0], [1, 1, 1, 1, 1, 1, 1, 0, 0, 1, 1, 1, 0, 0, 0], [1, 1, 1, 1, 1, 1, 1, 1, 1, 1, 1, 0, 0, 0, 1], [1, 0, 1, 1, 1, 1, 1, 1, 1, 1, 1, 0, 0, 0, 1], [1, 1, 1, 1, 1, 0, 0, 1, 1, 1, 1, 0, 0, 0, 0], [1, 1, 1, 1, 1, 0, 0, 0, 1, 1, 1, 1, 0, 0, 0], [1, 1, 1, 1, 0, 0, 0, 0, 1, 1, 1, 1, 0, 0, 0]], 1682, 974, 'g')
(1505, 850, 'p')
[(1505, 850, 'p'), (1501, 846, 'g'), (1501, 847, 'g'), (1501, 848, 'p'), (1500, 849, 'p'), (1499, 848, 'p'), (1498, 850, 'p'), (1498, 845, 'p'), (1497, 846, 'p'), (1492, 850, 'p'), (1488, 838, 'p'), (1487, 849, 'p'), (1482, 839, 'g'), (1478, 850, 'p'), (1428, 840, 'g')]
time:  161362.771
constraint 850
([[1, 1, 1, 1, 1, 1, 1, 1, 1, 1, 1, 1, 1, 0, 0], [1, 1, 1, 1, 1, 1, 1, 1, 1, 1, 1, 1, 1, 1, 1], [1, 1, 1, 1, 1, 1, 1, 1, 1, 1, 0, 1, 1, 1, 1], [0, 1, 1, 1, 1, 1, 1, 1, 1, 0, 0, 0, 1, 0, 0], [0, 0, 1, 1, 1, 1, 1, 1, 1, 0, 0, 1, 0, 0, 1], [1, 0, 0, 1, 1, 1, 1, 0, 0, 0, 0, 0, 0, 0, 1], [0, 0, 1, 1, 1, 1, 1, 1, 0, 1, 1, 1, 1, 0, 0], [1, 1, 1, 1, 1, 1, 1, 1, 1, 1, 1, 1, 1, 0, 0], [1, 1, 1, 1, 1, 1, 1, 0, 0, 0, 1, 1, 1, 0, 0], [0, 0, 1, 1, 1, 1, 1, 0, 0, 1, 1, 1, 0, 0, 0], [0, 0, 1, 1, 1, 1, 1, 1, 1, 1, 1, 0, 0, 0, 0], [0, 0, 1, 1, 1, 1, 1, 1, 1, 1, 1, 0, 0, 0, 0], [1, 1, 1, 1, 1, 0, 0, 1, 1, 1, 1, 0, 0, 0, 0], [1, 1, 0, 1, 1, 0, 0, 0, 1, 1, 1, 1, 0, 0, 0], [1, 1, 0, 0, 0, 0, 0, 0, 1, 1, 0, 1, 0, 0, 0]], 1505, 850, 'p')
(1652, 945, 'g')
[(1652, 945, 'g'), (1652, 950, 'p'), (1652, 944, 'g'), (1645, 945, 'g'), (1638, 945, 'g'), (1638, 934, 'p'), (1549, 947, 'g'), (1224, 936, 'r'), (1185, 946, 'r'), (1183, 950, 'r'), (1171, 942, 'r'), (1166, 949, 'r'), (1164, 947, 'r'), (1156, 936, 'r'), (1141, 947, 'r')]
time:  161454.795
constraint 950
([[1, 1, 1, 1, 1, 1, 1, 1, 1, 1, 1, 1, 1, 0, 0], [1, 1, 1, 1, 1, 1, 1, 1, 1, 1, 1, 1, 1, 0, 0], [1, 1, 1, 1, 1, 1, 1, 1, 1, 1, 1, 1, 1, 0, 0], [0, 1, 1, 1, 1, 1, 1, 1, 1, 0, 1, 1, 1, 0, 0], [0, 0, 1, 1, 1, 1, 0, 1, 0, 0, 1, 1, 1, 1, 1], [1, 0, 0, 1, 1, 1, 0, 0, 0, 0, 0, 1, 1, 0, 1], [0, 0, 1, 1, 1, 1, 0, 0, 0, 0, 0, 1, 1, 0, 0], [0, 1, 1, 1, 1, 1, 0, 0, 1, 1, 1, 1, 1, 0, 0], [1, 1, 1, 1, 1, 1, 1, 1, 1, 0, 1, 1, 1, 0, 0], [1, 1, 1, 1, 1, 1, 1, 0, 0, 1, 1, 1, 1, 0, 0], [1, 1, 1, 1, 1, 1, 1, 1, 1, 1, 1, 1, 1, 1, 1], [1, 0, 1, 1, 1, 1, 1, 1, 1, 1, 1, 1, 1, 1, 1], [1, 1, 1, 1, 1, 0, 0, 0, 1, 1, 1, 1, 1, 1, 1], [1, 1, 0, 0, 1, 0, 0, 0, 1, 1, 1, 1, 0, 1, 0], [1, 1, 0, 0, 0, 0, 0, 0, 1, 1, 0, 0, 0, 1, 0]], 1652, 945, 'g')
(1581, 898, 'g')
iteration 14
(1044, 543, 'g')
[(1044, 543, 'g'), (1003, 543, 'g'), (997, 540, 'm'), (987, 541, 'g'), (546, 548, 'r'), (545, 544, 'r'), (536, 535, 'r'), (533, 549, 'r'), (524, 544, 'r'), (518, 550, 'r'), (515, 538, 'r'), (512, 547, 'r'), (505, 539, 'r'), (501, 534, 'r'), (496, 533, 'r')]
time:  162907.492
constraint 550
([[0, 1, 1, 1, 1, 0, 0, 0, 1, 1, 1, 1, 1, 0, 0], [0, 1, 1, 1, 1, 0, 0, 0, 1, 1, 1, 1, 1, 0, 0], [0, 1, 1, 1, 0, 0, 0, 0, 1, 1, 0, 1, 1, 0, 0], [0, 1, 1, 0, 0, 0, 0, 0, 1, 0, 0, 1, 1, 0, 0], [0, 0, 1, 0, 0, 0, 0, 1, 1, 0, 0, 1, 1, 1, 1], [1, 0, 0, 0, 0, 0, 0, 0, 0, 0, 0, 1, 1, 0, 1], [0, 0, 1, 1, 1, 1, 0, 0, 0, 0, 0, 1, 1, 0, 0], [0, 0, 1, 1, 1, 1, 0, 0, 1, 1, 1, 1, 1, 0, 0], [0, 0, 0, 0, 1, 1, 0, 0, 1, 1, 1, 1, 1, 0, 0], [0, 0, 0, 0, 1, 1, 1, 0, 0, 1, 1, 1, 0, 0, 0], [0, 0, 0, 1, 1, 1, 1, 1, 1, 1, 1, 0, 0, 0, 0], [0, 0, 1, 1, 1, 1, 1, 1, 1, 1, 1, 0, 0, 0, 0], [1, 1, 1, 1, 1, 0, 0, 1, 1, 1, 1, 0, 0, 0, 0], [1, 1, 0, 1, 1, 0, 0, 0, 1, 1, 1, 1, 0, 0, 0], [0, 1, 0, 0, 0, 0, 0, 0, 1, 1, 0, 1, 0, 0, 0]], 1044, 543, 'g')
(1370, 745, 'p')
[(1370, 745, 'p'), (1361, 740, 'g'), (1361, 740, 'g'), (1355, 735, 'p'), (1352, 749, 'p'), (1339, 740, 'g'), (1270, 745, 'g'), (908, 732, 'r'), (836, 750, 'r'), (834, 750, 'r'), (822, 734, 'r'), (821, 721, 'r'), (817, 730, 'r'), (814, 748, 'r'), (796, 736, 'r')]
time:  162290.263
constraint 750
([[1, 1, 1, 1, 1, 1, 1, 1, 1, 1, 1, 1, 1, 0, 0], [1, 1, 1, 1, 1, 1, 1, 1, 1, 1, 1, 1, 1, 0, 0], [1, 1, 1, 1, 1, 1, 1, 1, 1, 1, 0, 1, 1, 1, 1], [0, 1, 1, 1, 1, 1, 1, 1, 1, 0, 0, 1, 1, 0, 0], [0, 0, 1, 1, 1, 1, 1, 1, 1, 0, 0, 1, 1, 1, 1], [1, 0, 0, 1, 1, 1, 1, 0, 0, 0, 0, 1, 1, 0, 1], [0, 0, 1, 1, 1, 1, 1, 0, 0, 0, 0, 1, 1, 0, 0], [1, 1, 1, 1, 1, 1, 1, 0, 1, 1, 1, 1, 1, 0, 0], [0, 0, 0, 0, 1, 1, 1, 1, 1, 0, 1, 1, 1, 0, 0], [0, 0, 0, 0, 1, 1, 1, 1, 0, 1, 1, 1, 0, 0, 0], [0, 0, 0, 0, 1, 1, 1, 1, 1, 1, 1, 0, 0, 0, 0], [0, 0, 0, 0, 1, 1, 1, 0, 1, 1, 1, 0, 0, 0, 0], [1, 1, 1, 1, 1, 0, 0, 0, 1, 1, 1, 0, 0, 0, 0], [1, 1, 0, 0, 1, 0, 0, 0, 1, 1, 1, 1, 0, 0, 0], [1, 1, 0, 0, 0, 0, 0, 0, 1, 1, 0, 1, 0, 0, 0]], 1370, 745, 'p')
(1396, 773, 'p')
iteration 12
(1465, 823, 'g')
[(1465, 823, 'g'), (1461, 821, 'g'), (1435, 815, 'm'), (1397, 822, 'g'), (999, 809, 'r'), (975, 810, 'r'), (954, 816, 'r'), (952, 809, 'r'), (951, 811, 'r'), (939, 809, 'r'), (937, 819, 'r'), (931, 808, 'r'), (928, 814, 'r'), (919, 811, 'r'), (918, 819, 'r')]
time:  162264.689
constraint 825
([[0, 1, 1, 1, 1, 1, 1, 1, 1, 1, 1, 1, 1, 0, 0], [0, 1, 1, 1, 1, 1, 1, 1, 1, 1, 1, 1, 1, 0, 0], [1, 1, 1, 1, 1, 1, 1, 1, 1, 1, 0, 1, 1, 1, 1], [1, 1, 1, 1, 1, 1, 1, 1, 1, 0, 0, 0, 1, 1, 1], [1, 0, 1, 1, 1, 1, 0, 1, 0, 0, 0, 0, 1, 1, 1], [1, 0, 0, 1, 1, 1, 0, 0, 0, 0, 0, 1, 1, 0, 1], [0, 0, 1, 1, 1, 1, 1, 1, 1, 0, 0, 1, 1, 0, 0], [0, 1, 1, 1, 1, 1, 1, 0, 1, 1, 1, 1, 1, 0, 0], [1, 1, 1, 1, 1, 1, 1, 0, 0, 0, 1, 1, 1, 0, 0], [1, 0, 0, 0, 1, 1, 1, 0, 0, 1, 1, 1, 0, 0, 0], [1, 0, 0, 0, 1, 1, 1, 1, 1, 1, 1, 0, 0, 0, 1], [1, 0, 0, 0, 1, 1, 1, 1, 1, 1, 1, 0, 0, 0, 1], [1, 1, 1, 1, 1, 0, 0, 0, 1, 1, 1, 0, 0, 0, 1], [1, 1, 0, 0, 1, 0, 0, 0, 1, 1, 1, 1, 0, 0, 1], [1, 1, 0, 0, 0, 0, 0, 0, 1, 1, 0, 1, 0, 1, 1]], 1465, 823, 'g')
(1221, 673, 'g')
[(1221, 673, 'g'), (1209, 667, 'g'), (1208, 673, 'g'), (1205, 675, 'p'), (1187, 671, 'p'), (1174, 664, 'g'), (1159, 669, 'p'), (736, 664, 'r'), (726, 660, 'r'), (694, 674, 'r'), (689, 673, 'r'), (688, 665, 'r'), (678, 670, 'r'), (677, 674, 'r'), (664, 662, 'r')]
time:  163482.606
constraint 675
([[0, 1, 1, 1, 1, 1, 1, 1, 1, 1, 1, 1, 1, 0, 0], [0, 1, 1, 0, 1, 1, 1, 1, 1, 1, 1, 1, 1, 0, 0], [0, 1, 1, 1, 1, 1, 1, 1, 1, 1, 0, 1, 0, 0, 0], [0, 1, 1, 0, 0, 1, 1, 1, 1, 0, 0, 0, 0, 0, 0], [0, 0, 1, 0, 0, 1, 0, 1, 0, 0, 0, 0, 0, 0, 1], [1, 0, 0, 0, 1, 1, 0, 0, 0, 0, 0, 0, 0, 0, 1], [0, 0, 1, 1, 1, 1, 0, 0, 0, 0, 0, 1, 1, 0, 0], [1, 1, 1, 1, 1, 1, 0, 0, 1, 1, 1, 1, 1, 0, 0], [0, 0, 0, 1, 1, 1, 1, 1, 1, 0, 1, 1, 1, 0, 0], [0, 0, 1, 1, 1, 1, 1, 1, 0, 1, 1, 1, 0, 0, 0], [0, 0, 1, 1, 1, 1, 1, 1, 1, 1, 1, 1, 0, 0, 0], [0, 0, 1, 1, 1, 1, 1, 0, 1, 1, 1, 1, 0, 0, 0], [0, 1, 1, 1, 1, 0, 0, 0, 1, 0, 0, 0, 0, 0, 0], [1, 1, 1, 1, 1, 0, 0, 0, 1, 0, 0, 0, 0, 1, 1], [1, 1, 1, 1, 0, 0, 0, 0, 1, 1, 0, 0, 0, 1, 1]], 1221, 673, 'g')
(1307, 724, 'g')
[(1307, 724, 'g'), (1295, 719, 'p'), (1291, 722, 'g'), (1277, 718, 'm'), (1239, 720, 'g'), (817, 725, 'r'), (816, 721, 'r'), (810, 715, 'r'), (807, 722, 'r'), (803, 714, 'r'), (788, 713, 'r'), (786, 725, 'r'), (780, 716, 'r'), (774, 724, 'r'), (758, 685, 'r')]
time:  163323.76
constraint 725
([[1, 1, 1, 1, 1, 1, 1, 1, 1, 1, 1, 1, 1, 0, 0], [1, 1, 1, 0, 1, 1, 1, 1, 1, 1, 1, 1, 1, 0, 0], [1, 1, 1, 1, 1, 1, 1, 1, 1, 1, 0, 1, 0, 0, 0], [0, 1, 1, 1, 1, 1, 1, 1, 1, 0, 0, 0, 0, 0, 0], [0, 0, 1, 1, 1, 1, 0, 1, 0, 0, 0, 0, 0, 0, 1], [1, 0, 0, 0, 1, 1, 0, 0, 0, 0, 0, 0, 0, 0, 1], [0, 0, 0, 0, 1, 1, 1, 1, 1, 0, 0, 1, 1, 0, 0], [0, 0, 0, 0, 1, 1, 1, 0, 1, 1, 1, 1, 1, 0, 0], [1, 0, 0, 0, 1, 1, 1, 0, 0, 0, 1, 1, 1, 0, 0], [1, 0, 0, 0, 1, 1, 1, 0, 0, 1, 1, 1, 0, 0, 0], [1, 0, 0, 1, 1, 1, 1, 1, 1, 1, 1, 0, 0, 0, 1], [1, 0, 1, 1, 1, 1, 1, 1, 1, 1, 1, 0, 0, 0, 1], [1, 1, 1, 1, 1, 0, 0, 1, 1, 1, 1, 0, 0, 0, 0], [1, 1, 1, 1, 1, 0, 0, 0, 0, 1, 1, 1, 0, 0, 0], [1, 1, 1, 1, 0, 0, 0, 0, 0, 1, 1, 1, 0, 0, 0]], 1307, 724, 'g')
(1116, 591, 'g')
[(1116, 591, 'g'), (1112, 599, 'g'), (1098, 598, 'g'), (1074, 595, 'p'), (1071, 593, 'g'), (638, 584, 'r'), (618, 582, 'r'), (607, 597, 'r'), (597, 524, 'r'), (593, 599, 'r'), (592, 589, 'r'), (587, 599, 'r'), (581, 582, 'r'), (576, 589, 'r'), (571, 595, 'r')]
time:  163743.165
constraint 600
([[0, 1, 1, 1, 1, 0, 0, 0, 1, 1, 1, 1, 1, 0, 0], [0, 1, 1, 1, 1, 0, 0, 0, 1, 1, 1, 1, 1, 0, 0], [1, 1, 1, 1, 0, 0, 0, 0, 1, 1, 0, 1, 1, 0, 0], [0, 1, 1, 0, 0, 0, 0, 0, 1, 0, 0, 1, 1, 0, 0], [0, 0, 1, 0, 1, 1, 0, 1, 1, 0, 0, 1, 1, 1, 1], [1, 0, 0, 0, 1, 1, 0, 0, 0, 0, 0, 1, 1, 0, 1], [0, 0, 1, 1, 1, 1, 0, 0, 0, 0, 0, 1, 1, 0, 0], [0, 0, 1, 1, 1, 1, 0, 0, 1, 1, 1, 1, 1, 0, 0], [0, 0, 0, 0, 1, 1, 0, 0, 1, 1, 1, 1, 1, 0, 0], [0, 0, 0, 0, 1, 1, 1, 0, 0, 1, 1, 1, 0, 0, 0], [0, 0, 0, 1, 1, 1, 1, 1, 1, 1, 1, 0, 0, 0, 0], [0, 0, 1, 1, 1, 1, 1, 1, 1, 1, 1, 0, 0, 0, 0], [1, 1, 1, 1, 1, 0, 0, 1, 1, 1, 1, 0, 0, 0, 0], [1, 1, 0, 1, 1, 0, 0, 0, 1, 1, 1, 1, 0, 0, 0], [1, 1, 0, 0, 0, 0, 0, 0, 1, 1, 1, 1, 0, 0, 0]], 1116, 591, 'g')
(1435, 790, 'g')
[(1435, 790, 'g'), (1426, 800, 'g'), (1422, 799, 'p'), (1421, 800, 'p'), (1420, 796, 'p'), (1417, 795, 'p'), (1417, 796, 'p'), (1415, 793, 'p'), (1413, 793, 'p'), (1413, 797, 'p'), (1413, 791, 'p'), (1412, 790, 'g'), (1412, 790, 'p'), (1366, 791, 'g'), (902, 789, 'r')]
time:  163247.36
constraint 800
([[1, 1, 1, 1, 1, 1, 1, 1, 1, 1, 1, 1, 1, 0, 0], [1, 1, 1, 0, 1, 1, 1, 1, 1, 1, 1, 1, 1, 1, 1], [1, 1, 1, 1, 1, 1, 1, 1, 1, 1, 0, 1, 1, 1, 1], [0, 0, 1, 1, 1, 1, 1, 1, 1, 0, 0, 1, 1, 0, 0], [0, 0, 1, 1, 1, 1, 0, 1, 0, 0, 0, 1, 1, 1, 1], [0, 0, 0, 1, 1, 1, 0, 0, 0, 0, 0, 1, 1, 0, 1], [0, 0, 1, 1, 1, 1, 0, 0, 0, 0, 0, 1, 1, 0, 0], [1, 1, 1, 1, 1, 1, 0, 0, 1, 1, 1, 1, 1, 0, 0], [1, 0, 0, 0, 1, 1, 1, 1, 1, 0, 1, 1, 1, 0, 0], [1, 0, 0, 0, 1, 1, 1, 1, 0, 1, 1, 1, 0, 0, 0], [1, 0, 0, 0, 1, 1, 1, 1, 1, 1, 1, 0, 0, 0, 1], [1, 0, 0, 0, 1, 1, 1, 0, 1, 1, 1, 0, 0, 0, 1], [1, 1, 1, 1, 1, 0, 0, 0, 1, 1, 1, 0, 0, 0, 0], [1, 1, 1, 1, 1, 0, 0, 0, 1, 1, 1, 1, 0, 0, 0], [1, 1, 1, 1, 0, 0, 0, 0, 1, 1, 0, 1, 0, 1, 1]], 1435, 790, 'g')
(1290, 700, 'g')
[(1290, 700, 'g'), (1285, 696, 'g'), (1283, 698, 'p'), (1255, 696, 'g'), (1202, 696, 'g'), (760, 693, 'r'), (759, 696, 'r'), (752, 676, 'r'), (745, 689, 'r'), (744, 692, 'r'), (740, 678, 'r'), (736, 700, 'r'), (719, 689, 'r'), (712, 700, 'r'), (708, 691, 'r')]
time:  163649.915
constraint 700
([[0, 1, 1, 1, 1, 1, 1, 1, 1, 1, 1, 1, 1, 0, 0], [0, 1, 1, 1, 1, 1, 1, 1, 1, 1, 1, 1, 1, 0, 0], [0, 1, 1, 1, 1, 1, 1, 1, 1, 1, 0, 1, 1, 0, 0], [0, 1, 1, 1, 1, 1, 1, 1, 1, 0, 0, 1, 1, 0, 0], [0, 0, 1, 1, 1, 1, 0, 1, 0, 0, 0, 1, 1, 1, 1], [0, 0, 0, 1, 1, 1, 0, 0, 0, 0, 0, 1, 1, 0, 1], [0, 0, 1, 1, 1, 1, 0, 0, 0, 0, 0, 1, 1, 0, 0], [0, 0, 1, 1, 1, 1, 0, 0, 1, 1, 1, 1, 1, 0, 0], [0, 0, 0, 0, 1, 1, 1, 1, 1, 0, 1, 1, 1, 0, 0], [0, 0, 0, 0, 1, 1, 1, 0, 0, 1, 1, 1, 0, 0, 0], [0, 0, 0, 0, 1, 1, 1, 1, 1, 1, 1, 0, 0, 0, 0], [1, 0, 0, 0, 1, 1, 1, 1, 1, 1, 1, 0, 0, 0, 1], [1, 1, 0, 0, 1, 0, 0, 1, 1, 1, 1, 0, 0, 1, 1], [1, 1, 0, 0, 0, 0, 0, 0, 1, 1, 1, 1, 0, 1, 0], [1, 1, 0, 0, 0, 0, 0, 0, 1, 1, 0, 1, 0, 1, 1]], 1290, 700, 'g')
(1197, 649, 'g')
[(1197, 649, 'g'), (1190, 649, 'p'), (1189, 647, 'g'), (1189, 647, 'p'), (1186, 647, 'g'), (1184, 640, 'g'), (1167, 641, 'g'), (1162, 640, 'g'), (1131, 649, 'g'), (701, 641, 'r'), (694, 643, 'r'), (673, 650, 'r'), (655, 616, 'r'), (638, 632, 'r'), (634, 625, 'r')]
time:  163888.79
constraint 650
([[0, 1, 1, 1, 1, 1, 1, 1, 1, 1, 1, 1, 1, 0, 0], [0, 1, 1, 1, 1, 1, 1, 1, 1, 1, 1, 1, 1, 0, 0], [0, 1, 1, 1, 1, 1, 1, 1, 1, 1, 0, 1, 0, 0, 0], [0, 1, 1, 1, 1, 1, 0, 0, 0, 0, 0, 0, 0, 0, 0], [0, 0, 1, 1, 1, 1, 0, 0, 0, 0, 0, 0, 0, 0, 1], [1, 0, 0, 1, 1, 1, 0, 0, 0, 0, 0, 0, 0, 0, 1], [0, 0, 0, 1, 1, 1, 0, 0, 0, 0, 0, 1, 1, 0, 0], [0, 0, 0, 1, 1, 1, 0, 0, 1, 1, 1, 1, 1, 0, 0], [0, 0, 0, 1, 1, 1, 1, 1, 1, 0, 0, 1, 0, 0, 0], [0, 0, 1, 1, 1, 1, 1, 1, 0, 1, 1, 0, 0, 0, 0], [0, 0, 1, 1, 1, 1, 1, 1, 1, 1, 1, 0, 0, 0, 0], [0, 0, 1, 1, 1, 1, 1, 0, 1, 1, 1, 0, 0, 0, 0], [1, 1, 1, 1, 1, 1, 1, 0, 1, 1, 1, 0, 0, 0, 0], [1, 1, 0, 0, 1, 1, 0, 0, 1, 1, 1, 1, 0, 0, 0], [0, 1, 0, 0, 0, 0, 0, 0, 1, 1, 0, 1, 0, 0, 0]], 1197, 649, 'g')
(1161, 621, 'g')
[(1161, 621, 'g'), (1153, 618, 'p'), (1149, 625, 'g'), (1143, 624, 'm'), (1141, 618, 'g'), (1096, 617, 'g'), (670, 598, 'r'), (663, 623, 'r'), (647, 625, 'r'), (626, 625, 'r'), (619, 622, 'r'), (618, 624, 'r'), (617, 613, 'r'), (610, 620, 'r'), (609, 623, 'r')]
time:  164276.924
constraint 625
([[1, 1, 1, 1, 1, 1, 1, 1, 1, 1, 1, 1, 1, 0, 0], [1, 1, 1, 1, 1, 1, 1, 1, 1, 1, 1, 1, 1, 0, 0], [1, 1, 1, 1, 0, 0, 1, 1, 1, 1, 0, 1, 0, 0, 0], [0, 0, 0, 0, 0, 0, 0, 0, 0, 0, 0, 0, 0, 0, 0], [0, 0, 0, 0, 0, 1, 0, 0, 0, 0, 0, 0, 0, 0, 1], [1, 0, 0, 0, 1, 1, 0, 0, 0, 0, 0, 1, 0, 0, 1], [0, 0, 1, 1, 1, 1, 0, 0, 0, 0, 0, 1, 0, 0, 0], [0, 0, 1, 1, 1, 1, 0, 0, 1, 1, 1, 1, 0, 0, 0], [1, 0, 1, 1, 1, 1, 1, 1, 1, 0, 0, 1, 0, 0, 0], [1, 0, 1, 1, 1, 1, 1, 1, 0, 1, 1, 0, 0, 0, 0], [1, 1, 1, 1, 1, 1, 1, 1, 1, 1, 1, 0, 0, 0, 1], [0, 0, 1, 1, 1, 1, 1, 0, 1, 1, 1, 0, 0, 0, 1], [1, 1, 1, 1, 1, 0, 0, 0, 1, 1, 1, 0, 0, 0, 0], [1, 1, 0, 1, 1, 0, 0, 0, 1, 1, 1, 1, 0, 0, 0], [1, 1, 0, 0, 0, 0, 0, 0, 1, 1, 0, 1, 0, 1, 1]], 1161, 621, 'g')
(1581, 898, 'g')
[(1581, 898, 'g'), (1578, 899, 'g'), (1569, 893, 'm'), (1567, 898, 'm'), (1562, 896, 'p'), (1509, 892, 'g'), (1115, 893, 'r'), (1102, 873, 'r'), (1091, 886, 'r'), (1085, 874, 'r'), (1079, 890, 'r'), (1067, 891, 'r'), (1058, 900, 'r'), (1053, 899, 'r'), (1049, 883, 'r')]
time:  164296.546
constraint 900
([[1, 1, 1, 1, 1, 1, 1, 1, 1, 1, 1, 1, 1, 0, 0], [1, 1, 1, 1, 1, 1, 1, 1, 1, 1, 1, 1, 1, 0, 0], [1, 1, 1, 1, 1, 1, 1, 1, 1, 1, 1, 1, 1, 0, 0], [0, 1, 1, 1, 1, 1, 1, 1, 1, 1, 1, 1, 1, 0, 0], [0, 0, 1, 1, 1, 1, 1, 1, 1, 1, 1, 1, 1, 1, 1], [1, 0, 0, 1, 1, 1, 0, 0, 1, 1, 1, 1, 1, 0, 1], [0, 0, 1, 1, 1, 1, 1, 1, 1, 1, 1, 1, 1, 0, 0], [1, 1, 1, 1, 1, 1, 1, 0, 1, 1, 1, 1, 1, 0, 0], [1, 0, 0, 0, 1, 1, 1, 1, 0, 0, 1, 1, 1, 0, 0], [1, 0, 0, 0, 1, 1, 1, 1, 0, 1, 1, 1, 0, 0, 0], [1, 0, 0, 0, 1, 1, 1, 1, 1, 1, 1, 0, 0, 0, 0], [0, 0, 0, 0, 1, 1, 1, 0, 1, 1, 1, 0, 0, 0, 0], [1, 1, 1, 1, 1, 1, 1, 0, 1, 1, 1, 0, 0, 0, 0], [1, 1, 0, 0, 1, 1, 1, 0, 1, 1, 1, 1, 0, 0, 0], [1, 1, 0, 0, 0, 0, 0, 0, 1, 1, 0, 1, 0, 1, 1]], 1581, 898, 'g')
(1396, 773, 'p')
iteration 13
(1396, 773, 'p')
iteration 14
(1396, 773, 'p')
[(1396, 773, 'p'), (1383, 764, 'g'), (1382, 766, 'g'), (1378, 774, 'p'), (1377, 774, 'p'), (1374, 772, 'g'), (1372, 771, 'm'), (1370, 771, 'g'), (1356, 774, 'p'), (1319, 768, 'g'), (892, 766, 'r'), (874, 765, 'r'), (848, 767, 'r'), (840, 761, 'r'), (832, 774, 'r')]
time:  168189.817
constraint 775
([[1, 1, 1, 1, 1, 1, 1, 0, 1, 1, 1, 1, 1, 0, 0], [1, 1, 1, 0, 1, 1, 1, 0, 1, 1, 1, 1, 1, 1, 1], [1, 1, 1, 1, 1, 1, 1, 0, 1, 1, 1, 1, 1, 1, 1], [0, 1, 1, 1, 1, 1, 0, 0, 1, 1, 1, 1, 1, 0, 0], [0, 0, 1, 1, 1, 1, 0, 0, 0, 0, 1, 1, 1, 1, 1], [1, 0, 0, 1, 1, 1, 0, 0, 0, 0, 0, 1, 1, 0, 1], [0, 0, 1, 1, 1, 1, 1, 1, 0, 0, 0, 1, 1, 0, 0], [0, 0, 1, 1, 1, 1, 1, 0, 1, 1, 1, 1, 1, 0, 0], [0, 0, 0, 0, 1, 1, 1, 0, 1, 0, 1, 1, 1, 0, 0], [0, 0, 0, 0, 1, 1, 1, 0, 0, 1, 1, 1, 0, 0, 0], [0, 0, 0, 0, 1, 1, 1, 1, 1, 1, 1, 0, 0, 0, 0], [0, 0, 0, 0, 1, 1, 1, 1, 1, 1, 1, 0, 0, 0, 0], [0, 1, 1, 1, 1, 0, 0, 1, 1, 1, 1, 0, 0, 0, 0], [1, 1, 1, 1, 1, 0, 0, 0, 1, 1, 1, 1, 0, 1, 1], [1, 1, 1, 1, 0, 0, 0, 0, 1, 1, 0, 1, 0, 1, 1]], 1396, 773, 'p')
