[Console output redirected to file:C:\Users\zachary\Documents\outfile]
num 52
num 2  53
num 52
num 52
num 52
num 52
num 52
num 52
num 52
num 52
num 52
num 52
num 52
num 52
num 52
num 52
num 52
num 52
num 52
num 52
num 52
num 52
num 52
num 52
num 52
num 52
num 52
num 52
num 52
num 52
num 52
num 52
num 52
num 52
num 52
num 52
num 52
num 52
num 52
num 52
num 52
num 52
num 52
num 2  53
num 2  53
34 bound
42 bound
num 2  53
73 bound
num 2  53
92 bound
num 2  53
109 bound
num 2  53
50 bound
num 2  53
25 bound
num 2  53
13 bound
num 2  53
56 bound
num 2  53
num 2  53
68 bound
num 2  53
88 bound
96 bound
num 2  53
101 bound
num 2  53
num 2  53
63 bound
120 bound
num 2  53
126 bound
num 2  53
78 bound
num 2  53
83 bound
num 2  53
num 2  53
123 bound
num 2  53
112 bound
142 bound
num 2  53
num 2  53
133 bound
num 2  53
num 2  53
157 bound
num 2  53
151 bound
num 2  53
168 bound
num 2  53
num 2  53
173 bound
116 bound
num 2  53
136 bound
num 2  53
139 bound
154 bound
num 2  53
165 bound
num 2  53
num 2  53
170 bound
159 bound
num 2  53
162 bound
105 bound
num 2  53
148 bound
num 2  53
num 2  53
130 bound
num 2  53
180 bound
145 bound
num 2  53
178 bound
num 2  53
175 bound
Greedy cost, greedy val 25 70
greedyMap [[0, 0, 0, 0, 0, 0, 0, 0, 1, 0, 0, 0, 0, 0, 0], [0, 0, 0, 0, 0, 0, 0, 0, 0, 0, 0, 0, 0, 0, 0], [0, 0, 0, 0, 0, 0, 0, 0, 0, 0, 0, 0, 0, 0, 0], [0, 0, 0, 0, 0, 0, 1, 1, 0, 0, 0, 0, 0, 0, 0], [0, 0, 0, 0, 0, 0, 0, 1, 0, 0, 0, 0, 0, 1, 0], [0, 0, 0, 0, 0, 0, 0, 0, 0, 0, 0, 0, 0, 1, 0], [0, 0, 0, 0, 0, 0, 0, 0, 0, 0, 0, 0, 0, 0, 0], [0, 0, 0, 0, 0, 0, 0, 0, 0, 0, 0, 0, 0, 0, 0], [0, 0, 0, 0, 0, 0, 0, 0, 0, 0, 0, 0, 0, 0, 0], [0, 0, 0, 0, 0, 0, 0, 0, 0, 0, 0, 0, 0, 0, 0], [0, 0, 0, 0, 0, 0, 0, 0, 0, 0, 0, 0, 0, 0, 0], [0, 0, 0, 0, 0, 0, 0, 1, 0, 0, 0, 0, 0, 0, 0], [0, 0, 0, 0, 0, 0, 0, 0, 0, 0, 0, 0, 0, 0, 0], [0, 0, 1, 1, 0, 0, 0, 0, 0, 0, 0, 0, 0, 0, 0], [0, 0, 0, 0, 0, 0, 0, 0, 0, 0, 0, 0, 0, 0, 0]]
70
25
70
25
cosnstr type <type 'int'>
cost type <type 'int'>
iteration 0
IT HAPPENED (1, 10)
Greedy cost, greedy val 48 122
greedyMap [[0, 0, 0, 0, 0, 0, 0, 0, 1, 1, 1, 0, 0, 0, 0], [0, 0, 0, 0, 0, 0, 0, 0, 0, 0, 0, 0, 0, 0, 0], [0, 0, 0, 0, 0, 0, 0, 0, 0, 0, 0, 0, 0, 0, 0], [0, 0, 0, 0, 0, 0, 1, 1, 0, 0, 0, 0, 0, 0, 0], [0, 0, 0, 0, 0, 0, 0, 1, 0, 0, 0, 0, 0, 1, 0], [0, 0, 0, 0, 0, 0, 0, 0, 0, 0, 0, 0, 0, 1, 0], [0, 0, 0, 0, 0, 0, 0, 0, 0, 0, 0, 0, 0, 0, 0], [0, 0, 0, 0, 0, 0, 0, 0, 0, 0, 0, 0, 0, 0, 1], [0, 0, 0, 0, 0, 0, 0, 0, 0, 0, 0, 0, 0, 0, 0], [0, 0, 0, 0, 0, 0, 0, 0, 0, 0, 0, 0, 0, 0, 0], [0, 0, 0, 0, 0, 0, 0, 0, 0, 0, 0, 0, 0, 0, 0], [0, 0, 0, 0, 0, 0, 0, 1, 0, 0, 0, 0, 0, 0, 0], [0, 0, 0, 0, 0, 0, 0, 0, 0, 0, 0, 0, 0, 0, 0], [0, 0, 1, 1, 0, 0, 0, 0, 0, 1, 1, 0, 0, 0, 0], [0, 0, 0, 0, 0, 0, 0, 0, 0, 1, 1, 0, 0, 0, 0]]
122
48
122
48
cosnstr type <type 'int'>
cost type <type 'int'>
iteration 0
IT HAPPENED (13, 7)
Greedy cost, greedy val 74 181
greedyMap [[0, 0, 0, 0, 0, 0, 0, 0, 1, 1, 1, 0, 0, 0, 0], [0, 0, 0, 0, 0, 0, 0, 0, 0, 0, 1, 0, 0, 0, 0], [0, 0, 0, 0, 0, 0, 0, 0, 0, 0, 1, 0, 0, 0, 0], [0, 0, 0, 0, 0, 0, 1, 1, 0, 0, 0, 0, 0, 0, 0], [0, 0, 0, 0, 0, 0, 0, 1, 0, 0, 0, 0, 0, 1, 0], [0, 0, 0, 0, 0, 0, 0, 0, 0, 0, 0, 0, 0, 1, 0], [0, 0, 0, 0, 0, 0, 0, 0, 0, 0, 0, 0, 0, 0, 0], [0, 0, 0, 0, 0, 0, 0, 0, 0, 0, 0, 0, 0, 0, 1], [0, 0, 0, 0, 0, 0, 0, 0, 0, 0, 0, 0, 0, 0, 0], [0, 0, 0, 0, 0, 0, 0, 0, 0, 0, 0, 0, 0, 0, 0], [0, 0, 0, 0, 0, 0, 0, 0, 0, 0, 0, 0, 0, 0, 0], [0, 0, 0, 0, 0, 0, 0, 1, 0, 0, 0, 0, 0, 0, 0], [0, 0, 0, 0, 0, 0, 0, 0, 0, 1, 1, 0, 0, 0, 0], [0, 0, 1, 1, 0, 0, 0, 0, 1, 1, 1, 0, 0, 0, 0], [0, 0, 0, 0, 0, 0, 0, 0, 1, 1, 1, 0, 0, 0, 0]]
181
74
181
74
cosnstr type <type 'int'>
cost type <type 'int'>
iteration 0
IT HAPPENED (3, 9)
Greedy cost, greedy val 98 237
greedyMap [[0, 0, 0, 0, 0, 0, 0, 0, 1, 1, 1, 0, 0, 0, 0], [0, 0, 0, 0, 0, 0, 0, 0, 0, 0, 1, 0, 0, 0, 0], [0, 0, 0, 0, 1, 0, 0, 0, 0, 1, 1, 0, 0, 0, 0], [0, 0, 0, 1, 1, 0, 1, 1, 0, 0, 0, 0, 0, 0, 0], [0, 0, 1, 1, 0, 0, 0, 1, 0, 0, 0, 0, 0, 1, 0], [0, 0, 0, 0, 0, 0, 0, 0, 0, 0, 0, 0, 0, 1, 0], [0, 0, 0, 0, 0, 0, 0, 0, 0, 0, 0, 0, 0, 0, 0], [0, 0, 0, 0, 0, 0, 0, 0, 0, 0, 0, 0, 0, 0, 1], [0, 0, 0, 0, 0, 0, 0, 0, 0, 0, 0, 0, 0, 0, 0], [0, 0, 0, 0, 0, 0, 0, 0, 0, 0, 0, 0, 0, 0, 0], [0, 0, 0, 0, 0, 0, 0, 0, 0, 0, 0, 0, 0, 0, 0], [0, 0, 0, 0, 0, 0, 0, 1, 0, 0, 0, 0, 0, 0, 0], [0, 0, 0, 0, 0, 0, 0, 0, 0, 1, 1, 0, 0, 0, 0], [0, 0, 1, 1, 0, 0, 0, 1, 1, 1, 1, 0, 0, 0, 0], [0, 0, 0, 0, 0, 0, 0, 0, 1, 1, 1, 0, 0, 0, 0]]
237
98
237
98
cosnstr type <type 'int'>
cost type <type 'int'>
iteration 0
IT HAPPENED (2, 7)
Greedy cost, greedy val 120 286
greedyMap [[0, 0, 0, 0, 0, 0, 0, 0, 1, 1, 1, 0, 0, 0, 0], [0, 0, 0, 0, 0, 0, 0, 0, 0, 0, 1, 0, 0, 0, 0], [0, 0, 0, 0, 1, 0, 0, 0, 1, 1, 1, 0, 0, 0, 0], [0, 0, 0, 1, 1, 0, 1, 1, 1, 1, 1, 0, 0, 0, 0], [0, 0, 1, 1, 0, 0, 0, 1, 0, 0, 0, 0, 0, 1, 0], [0, 0, 0, 0, 0, 0, 0, 0, 0, 0, 0, 0, 0, 1, 0], [0, 0, 0, 0, 0, 0, 0, 0, 0, 0, 0, 0, 0, 0, 0], [0, 0, 0, 0, 0, 0, 0, 0, 0, 0, 0, 0, 0, 0, 1], [0, 0, 0, 0, 0, 0, 0, 0, 0, 0, 0, 0, 0, 0, 0], [0, 0, 0, 0, 0, 0, 0, 0, 0, 0, 0, 0, 0, 0, 0], [0, 0, 0, 0, 0, 0, 0, 0, 0, 0, 0, 0, 0, 0, 0], [0, 0, 0, 0, 0, 0, 0, 1, 0, 0, 0, 0, 0, 0, 0], [0, 0, 0, 0, 0, 0, 0, 0, 0, 1, 1, 0, 0, 0, 0], [0, 0, 1, 1, 0, 0, 0, 1, 1, 1, 1, 0, 0, 0, 0], [0, 0, 0, 0, 0, 0, 0, 0, 1, 1, 1, 0, 0, 0, 0]]
286
120
286
120
cosnstr type <type 'int'>
cost type <type 'int'>
iteration 0
IT HAPPENED (1, 8)
Greedy cost, greedy val 149 330
greedyMap [[0, 0, 0, 0, 0, 0, 0, 0, 1, 1, 1, 0, 0, 0, 0], [0, 0, 0, 0, 0, 0, 0, 1, 0, 0, 1, 0, 0, 0, 0], [0, 0, 0, 0, 1, 0, 1, 1, 1, 1, 1, 0, 0, 0, 0], [0, 0, 0, 1, 1, 1, 1, 1, 1, 1, 1, 0, 0, 0, 0], [0, 0, 1, 1, 0, 0, 0, 1, 0, 0, 0, 0, 0, 1, 0], [0, 0, 0, 0, 0, 0, 0, 0, 0, 0, 0, 0, 0, 1, 0], [0, 0, 0, 0, 0, 0, 0, 0, 0, 0, 0, 0, 0, 0, 0], [0, 0, 0, 0, 0, 0, 0, 0, 0, 0, 0, 0, 0, 0, 1], [0, 0, 0, 0, 0, 0, 0, 0, 0, 0, 0, 0, 0, 0, 0], [0, 0, 0, 0, 0, 0, 0, 0, 0, 0, 0, 0, 0, 0, 0], [0, 0, 0, 0, 0, 0, 0, 0, 0, 0, 0, 0, 0, 0, 0], [0, 0, 0, 0, 0, 0, 0, 1, 0, 0, 0, 0, 0, 0, 0], [0, 0, 0, 0, 0, 0, 0, 0, 0, 1, 1, 0, 0, 0, 0], [0, 0, 1, 1, 0, 0, 0, 1, 1, 1, 1, 0, 0, 0, 0], [0, 0, 0, 0, 0, 0, 0, 0, 1, 1, 1, 0, 0, 0, 0]]
330
149
330
149
cosnstr type <type 'int'>
cost type <type 'int'>
iteration 0
IT HAPPENED (5, 7)
Greedy cost, greedy val 173 372
greedyMap [[0, 0, 0, 0, 0, 0, 0, 0, 1, 1, 1, 0, 0, 0, 0], [0, 0, 0, 0, 0, 0, 0, 1, 1, 1, 1, 0, 0, 0, 0], [0, 0, 0, 0, 1, 0, 1, 1, 1, 1, 1, 0, 0, 0, 0], [0, 0, 0, 1, 1, 1, 1, 1, 1, 1, 1, 0, 0, 0, 0], [0, 0, 1, 1, 0, 0, 0, 1, 0, 0, 0, 0, 0, 1, 1], [0, 0, 0, 0, 0, 0, 0, 0, 0, 0, 0, 0, 0, 1, 0], [0, 0, 0, 0, 0, 0, 0, 0, 0, 0, 0, 0, 0, 0, 0], [0, 0, 0, 0, 0, 0, 0, 0, 0, 0, 0, 0, 0, 0, 1], [0, 0, 0, 0, 0, 0, 0, 0, 0, 0, 0, 0, 0, 0, 0], [0, 0, 0, 0, 0, 0, 0, 0, 0, 0, 0, 0, 0, 0, 0], [0, 0, 0, 0, 0, 0, 0, 0, 0, 0, 0, 0, 0, 0, 0], [0, 0, 0, 0, 0, 0, 0, 1, 0, 0, 0, 0, 0, 0, 0], [0, 0, 0, 0, 0, 0, 0, 0, 0, 1, 1, 0, 0, 0, 0], [0, 0, 1, 1, 0, 0, 0, 1, 1, 1, 1, 0, 0, 0, 0], [0, 0, 0, 0, 0, 0, 0, 0, 1, 1, 1, 0, 0, 0, 0]]
372
173
372
173
cosnstr type <type 'int'>
cost type <type 'int'>
iteration 0
IT HAPPENED (11, 10)
Greedy cost, greedy val 196 406
greedyMap [[0, 0, 0, 0, 0, 0, 0, 0, 1, 1, 1, 0, 0, 0, 0], [0, 0, 0, 0, 0, 0, 0, 1, 1, 1, 1, 0, 0, 0, 0], [0, 0, 0, 0, 1, 0, 1, 1, 1, 1, 1, 0, 0, 0, 0], [0, 0, 0, 1, 1, 1, 1, 1, 1, 1, 1, 0, 0, 0, 0], [0, 0, 1, 1, 0, 0, 0, 1, 0, 0, 0, 0, 0, 1, 1], [0, 0, 0, 0, 0, 0, 0, 1, 0, 0, 0, 0, 0, 1, 0], [0, 0, 0, 0, 0, 0, 0, 0, 0, 0, 0, 0, 0, 0, 0], [0, 0, 0, 0, 0, 0, 0, 0, 0, 0, 0, 0, 0, 0, 1], [0, 0, 0, 0, 0, 0, 0, 0, 0, 0, 0, 0, 0, 0, 0], [0, 0, 0, 0, 0, 0, 0, 0, 0, 0, 0, 0, 0, 0, 0], [0, 0, 0, 0, 0, 0, 0, 0, 0, 0, 0, 0, 0, 0, 0], [0, 0, 0, 0, 0, 0, 0, 1, 0, 0, 0, 1, 1, 0, 0], [0, 0, 0, 0, 0, 0, 0, 0, 0, 1, 1, 1, 0, 0, 0], [0, 0, 1, 1, 0, 0, 0, 1, 1, 1, 1, 0, 0, 0, 0], [0, 0, 0, 0, 0, 0, 0, 0, 1, 1, 1, 0, 0, 0, 0]]
406
196
406
196
cosnstr type <type 'int'>
cost type <type 'int'>
iteration 0
IT HAPPENED (10, 10)
Greedy cost, greedy val 221 448
greedyMap [[0, 0, 0, 0, 0, 0, 0, 0, 1, 1, 1, 0, 0, 0, 0], [0, 0, 0, 0, 0, 0, 0, 1, 1, 1, 1, 0, 0, 0, 0], [0, 0, 0, 0, 1, 0, 1, 1, 1, 1, 1, 0, 0, 0, 0], [0, 0, 0, 1, 1, 1, 1, 1, 1, 1, 1, 0, 0, 0, 0], [0, 0, 1, 1, 0, 0, 0, 1, 0, 0, 0, 0, 0, 1, 1], [0, 0, 0, 0, 0, 0, 0, 1, 0, 0, 0, 0, 0, 1, 0], [0, 0, 0, 0, 0, 0, 0, 0, 0, 0, 0, 0, 0, 0, 0], [0, 0, 0, 0, 0, 0, 0, 0, 0, 0, 0, 0, 0, 0, 1], [0, 0, 0, 0, 0, 0, 0, 0, 0, 1, 0, 0, 0, 0, 0], [0, 0, 0, 0, 0, 0, 0, 0, 0, 1, 0, 0, 0, 0, 0], [0, 0, 0, 0, 0, 0, 0, 0, 0, 1, 0, 0, 0, 0, 0], [0, 0, 0, 0, 0, 0, 0, 1, 0, 1, 1, 1, 1, 0, 0], [0, 0, 0, 0, 0, 0, 0, 0, 0, 1, 1, 1, 0, 0, 0], [0, 0, 1, 1, 0, 0, 0, 1, 1, 1, 1, 0, 0, 0, 0], [0, 0, 0, 0, 0, 0, 0, 0, 1, 1, 1, 0, 0, 0, 0]]
448
221
448
221
cosnstr type <type 'int'>
cost type <type 'int'>
iteration 0
Greedy cost, greedy val 250 497
greedyMap [[0, 0, 0, 0, 0, 0, 0, 0, 1, 1, 1, 0, 0, 0, 0], [0, 0, 0, 0, 0, 0, 0, 1, 1, 1, 1, 0, 0, 0, 0], [0, 0, 0, 0, 1, 0, 1, 1, 1, 1, 1, 0, 0, 0, 0], [0, 0, 0, 1, 1, 1, 1, 1, 1, 1, 1, 0, 0, 0, 0], [0, 0, 1, 1, 0, 0, 0, 1, 0, 0, 0, 0, 0, 1, 1], [0, 0, 0, 0, 0, 0, 0, 1, 0, 0, 0, 0, 0, 1, 0], [0, 0, 0, 0, 0, 0, 0, 0, 0, 0, 0, 0, 0, 0, 0], [0, 0, 0, 0, 0, 0, 0, 0, 0, 0, 0, 0, 0, 0, 1], [0, 0, 0, 0, 0, 0, 0, 0, 0, 1, 0, 0, 0, 0, 0], [0, 0, 0, 0, 0, 0, 0, 0, 0, 1, 1, 1, 0, 0, 0], [0, 0, 0, 0, 0, 0, 0, 0, 0, 1, 1, 1, 0, 0, 0], [0, 0, 0, 0, 0, 0, 0, 1, 0, 1, 1, 1, 1, 0, 0], [0, 0, 0, 0, 0, 0, 0, 0, 0, 1, 1, 1, 0, 0, 0], [0, 0, 1, 1, 0, 0, 0, 1, 1, 1, 1, 0, 0, 0, 0], [0, 0, 0, 0, 0, 0, 0, 0, 1, 1, 1, 0, 0, 0, 0]]
497
250
497
250
cosnstr type <type 'int'>
cost type <type 'int'>
iteration 0
IT HAPPENED (12, 7)
Greedy cost, greedy val 272 534
greedyMap [[0, 0, 0, 0, 0, 0, 0, 0, 1, 1, 1, 0, 0, 0, 0], [0, 0, 0, 0, 0, 0, 0, 1, 1, 1, 1, 0, 0, 0, 0], [0, 0, 0, 0, 1, 0, 1, 1, 1, 1, 1, 0, 0, 0, 0], [0, 0, 0, 1, 1, 1, 1, 1, 1, 1, 1, 0, 0, 0, 0], [0, 0, 1, 1, 0, 0, 0, 1, 0, 0, 0, 0, 0, 1, 1], [0, 0, 0, 0, 0, 0, 0, 1, 0, 0, 0, 0, 0, 1, 0], [0, 0, 0, 0, 0, 0, 0, 0, 0, 0, 0, 0, 0, 0, 0], [0, 0, 0, 0, 0, 0, 0, 0, 0, 1, 0, 0, 0, 0, 1], [0, 0, 0, 0, 0, 0, 0, 0, 0, 1, 0, 0, 0, 0, 0], [0, 0, 0, 0, 0, 0, 0, 0, 0, 1, 1, 1, 1, 0, 0], [0, 0, 0, 0, 0, 0, 0, 0, 0, 1, 1, 1, 1, 0, 0], [0, 0, 0, 0, 0, 0, 0, 1, 0, 1, 1, 1, 1, 0, 0], [0, 0, 0, 0, 0, 0, 0, 0, 1, 1, 1, 1, 0, 0, 0], [0, 0, 1, 1, 0, 0, 0, 1, 1, 1, 1, 0, 0, 0, 0], [0, 0, 0, 0, 0, 0, 0, 0, 1, 1, 1, 0, 0, 0, 0]]
534
272
534
272
cosnstr type <type 'int'>
cost type <type 'int'>
iteration 0
IT HAPPENED (12, 12)
Greedy cost, greedy val 294 569
greedyMap [[0, 0, 0, 0, 0, 0, 0, 0, 1, 1, 1, 0, 0, 0, 0], [0, 0, 0, 0, 0, 0, 0, 1, 1, 1, 1, 0, 0, 0, 0], [0, 0, 0, 0, 1, 0, 1, 1, 1, 1, 1, 0, 0, 0, 0], [0, 0, 0, 1, 1, 1, 1, 1, 1, 1, 1, 0, 0, 0, 0], [0, 0, 1, 1, 0, 0, 0, 1, 0, 0, 0, 0, 0, 1, 1], [0, 0, 0, 0, 0, 0, 0, 1, 0, 0, 0, 0, 0, 1, 0], [0, 0, 0, 0, 0, 0, 0, 0, 0, 0, 0, 0, 0, 0, 0], [0, 0, 0, 0, 0, 0, 0, 0, 0, 1, 0, 0, 0, 0, 1], [0, 0, 0, 0, 0, 0, 0, 0, 0, 1, 0, 0, 0, 0, 0], [0, 0, 0, 0, 0, 0, 0, 0, 0, 1, 1, 1, 1, 0, 0], [0, 0, 0, 0, 0, 0, 0, 0, 0, 1, 1, 1, 1, 0, 0], [0, 0, 0, 0, 0, 0, 0, 1, 1, 1, 1, 1, 1, 0, 0], [0, 0, 0, 0, 0, 0, 0, 1, 1, 1, 1, 1, 0, 0, 0], [0, 0, 1, 1, 0, 0, 0, 1, 1, 1, 1, 0, 0, 0, 0], [0, 0, 0, 0, 0, 0, 0, 0, 1, 1, 1, 0, 0, 0, 0]]
569
294
569
294
cosnstr type <type 'int'>
cost type <type 'int'>
iteration 0
Greedy cost, greedy val 325 616
greedyMap [[0, 0, 0, 0, 0, 0, 0, 0, 1, 1, 1, 0, 0, 0, 0], [0, 0, 0, 0, 0, 0, 0, 1, 1, 1, 1, 0, 0, 0, 0], [0, 0, 0, 0, 1, 0, 1, 1, 1, 1, 1, 0, 0, 0, 0], [0, 0, 0, 1, 1, 1, 1, 1, 1, 1, 1, 0, 0, 0, 0], [0, 0, 1, 1, 0, 0, 0, 1, 0, 0, 0, 0, 0, 1, 1], [0, 0, 0, 0, 0, 0, 0, 1, 0, 0, 0, 0, 0, 1, 0], [0, 0, 0, 0, 0, 0, 0, 0, 0, 0, 0, 0, 0, 0, 0], [0, 0, 0, 0, 0, 0, 0, 0, 0, 1, 0, 0, 0, 0, 1], [0, 0, 0, 0, 0, 0, 0, 0, 0, 1, 0, 0, 0, 0, 0], [0, 0, 0, 0, 0, 0, 0, 0, 0, 1, 1, 1, 1, 0, 0], [0, 0, 0, 0, 0, 0, 0, 0, 0, 1, 1, 1, 1, 0, 0], [0, 0, 0, 0, 0, 0, 0, 1, 1, 1, 1, 1, 1, 0, 0], [0, 0, 0, 0, 0, 0, 0, 1, 1, 1, 1, 1, 1, 1, 0], [0, 0, 1, 1, 0, 0, 0, 1, 1, 1, 1, 0, 0, 1, 0], [0, 0, 0, 0, 0, 0, 0, 0, 1, 1, 1, 0, 0, 1, 1]]
616
325
616
325
cosnstr type <type 'int'>
cost type <type 'int'>
iteration 0
Greedy cost, greedy val 350 650
greedyMap [[0, 0, 0, 0, 0, 0, 0, 0, 1, 1, 1, 0, 0, 0, 0], [0, 0, 0, 0, 0, 0, 0, 1, 1, 1, 1, 0, 0, 0, 0], [0, 0, 0, 0, 1, 0, 1, 1, 1, 1, 1, 0, 0, 0, 0], [0, 0, 0, 1, 1, 1, 1, 1, 1, 1, 1, 0, 0, 0, 0], [0, 0, 1, 1, 0, 0, 0, 1, 0, 0, 0, 0, 0, 1, 1], [0, 0, 0, 0, 0, 0, 0, 1, 0, 0, 0, 0, 0, 1, 0], [0, 0, 0, 0, 0, 0, 0, 0, 0, 0, 0, 0, 0, 0, 0], [0, 0, 0, 0, 0, 0, 0, 0, 0, 1, 0, 0, 0, 0, 1], [0, 0, 0, 0, 0, 0, 0, 0, 0, 1, 0, 0, 0, 0, 0], [0, 0, 0, 0, 0, 0, 0, 0, 0, 1, 1, 1, 1, 0, 0], [0, 0, 0, 0, 0, 0, 0, 0, 0, 1, 1, 1, 1, 0, 0], [0, 0, 0, 0, 0, 0, 0, 1, 1, 1, 1, 1, 1, 1, 0], [0, 0, 0, 0, 0, 0, 0, 1, 1, 1, 1, 1, 1, 1, 0], [0, 0, 1, 1, 0, 0, 0, 1, 1, 1, 1, 0, 1, 1, 0], [0, 0, 0, 0, 0, 0, 0, 0, 1, 1, 1, 0, 1, 1, 1]]
650
350
650
350
cosnstr type <type 'int'>
cost type <type 'int'>
iteration 0
IT HAPPENED (0, 2)
Greedy cost, greedy val 372 686
greedyMap [[0, 0, 0, 1, 0, 0, 0, 0, 1, 1, 1, 0, 0, 0, 0], [0, 0, 0, 0, 0, 0, 0, 1, 1, 1, 1, 0, 0, 0, 0], [0, 0, 0, 0, 1, 0, 1, 1, 1, 1, 1, 0, 0, 0, 0], [0, 0, 0, 1, 1, 1, 1, 1, 1, 1, 1, 0, 0, 0, 0], [0, 0, 1, 1, 0, 0, 0, 1, 0, 0, 0, 0, 0, 1, 1], [0, 0, 0, 0, 0, 0, 0, 1, 0, 0, 0, 0, 0, 1, 0], [0, 0, 0, 0, 0, 0, 0, 0, 0, 0, 0, 0, 0, 0, 0], [0, 0, 0, 0, 0, 0, 0, 0, 0, 1, 0, 0, 0, 0, 1], [0, 0, 0, 0, 0, 0, 0, 0, 0, 1, 0, 0, 0, 0, 0], [0, 0, 0, 0, 0, 0, 0, 0, 0, 1, 1, 1, 1, 0, 0], [0, 0, 0, 0, 0, 0, 0, 0, 0, 1, 1, 1, 1, 0, 0], [0, 0, 0, 0, 0, 0, 0, 1, 1, 1, 1, 1, 1, 1, 0], [0, 0, 0, 0, 0, 0, 0, 1, 1, 1, 1, 1, 1, 1, 0], [0, 0, 1, 1, 0, 0, 0, 1, 1, 1, 1, 1, 1, 1, 0], [0, 0, 0, 0, 0, 0, 0, 0, 1, 1, 1, 1, 1, 1, 1]]
686
372
686
372
cosnstr type <type 'int'>
cost type <type 'int'>
iteration 0
IT HAPPENED (0, 4)
Greedy cost, greedy val 399 732
greedyMap [[0, 0, 1, 1, 0, 0, 0, 0, 1, 1, 1, 0, 0, 0, 0], [0, 0, 1, 1, 1, 0, 0, 1, 1, 1, 1, 0, 0, 0, 0], [0, 0, 0, 1, 1, 0, 1, 1, 1, 1, 1, 0, 0, 0, 0], [0, 0, 0, 1, 1, 1, 1, 1, 1, 1, 1, 0, 0, 0, 0], [0, 0, 1, 1, 0, 0, 0, 1, 0, 0, 0, 0, 0, 1, 1], [0, 0, 0, 0, 0, 0, 0, 1, 0, 0, 0, 0, 0, 1, 0], [0, 0, 0, 0, 0, 0, 0, 0, 0, 0, 0, 0, 0, 0, 0], [0, 0, 0, 0, 0, 0, 0, 0, 0, 1, 0, 0, 0, 0, 1], [0, 0, 0, 0, 0, 0, 0, 0, 0, 1, 0, 0, 0, 0, 0], [0, 0, 0, 0, 0, 0, 0, 0, 0, 1, 1, 1, 1, 0, 0], [0, 0, 0, 0, 0, 0, 0, 0, 0, 1, 1, 1, 1, 0, 0], [0, 0, 0, 0, 0, 0, 0, 1, 1, 1, 1, 1, 1, 1, 0], [0, 0, 0, 0, 0, 0, 0, 1, 1, 1, 1, 1, 1, 1, 0], [0, 0, 1, 1, 0, 0, 0, 1, 1, 1, 1, 1, 1, 1, 0], [0, 0, 0, 0, 0, 0, 0, 0, 1, 1, 1, 1, 1, 1, 1]]
732
399
732
399
cosnstr type <type 'int'>
cost type <type 'int'>
iteration 0
IT HAPPENED (0, 5)
Greedy cost, greedy val 420 767
greedyMap [[0, 0, 1, 1, 1, 0, 0, 0, 1, 1, 1, 0, 0, 0, 0], [0, 0, 1, 1, 1, 0, 0, 1, 1, 1, 1, 0, 0, 0, 0], [0, 0, 0, 1, 1, 0, 1, 1, 1, 1, 1, 0, 0, 0, 0], [0, 0, 0, 1, 1, 1, 1, 1, 1, 1, 1, 0, 0, 0, 0], [0, 0, 1, 1, 0, 0, 0, 1, 0, 0, 0, 0, 0, 1, 1], [0, 0, 0, 0, 0, 0, 0, 1, 0, 0, 0, 0, 0, 1, 0], [0, 0, 0, 0, 0, 0, 0, 0, 0, 0, 0, 0, 0, 0, 0], [0, 0, 0, 0, 0, 0, 0, 0, 0, 1, 0, 0, 0, 0, 1], [0, 0, 0, 0, 0, 0, 0, 0, 0, 1, 0, 0, 0, 0, 0], [0, 0, 0, 0, 0, 0, 0, 0, 0, 1, 1, 1, 1, 0, 0], [0, 0, 0, 0, 0, 0, 0, 0, 0, 1, 1, 1, 1, 0, 0], [0, 0, 0, 0, 0, 0, 0, 1, 1, 1, 1, 1, 1, 1, 0], [0, 0, 0, 0, 0, 0, 0, 1, 1, 1, 1, 1, 1, 1, 0], [0, 0, 1, 1, 0, 0, 0, 1, 1, 1, 1, 1, 1, 1, 0], [0, 0, 1, 1, 0, 0, 0, 0, 1, 1, 1, 1, 1, 1, 1]]
767
420
767
420
cosnstr type <type 'int'>
cost type <type 'int'>
iteration 0
IT HAPPENED (2, 5)
Greedy cost, greedy val 447 812
greedyMap [[0, 0, 1, 1, 1, 1, 0, 0, 1, 1, 1, 0, 0, 0, 0], [0, 0, 1, 1, 1, 1, 1, 1, 1, 1, 1, 0, 0, 0, 0], [0, 0, 0, 1, 1, 0, 1, 1, 1, 1, 1, 0, 0, 0, 0], [0, 0, 0, 1, 1, 1, 1, 1, 1, 1, 1, 0, 0, 0, 0], [0, 0, 1, 1, 0, 0, 0, 1, 0, 0, 0, 0, 0, 1, 1], [0, 0, 0, 0, 0, 0, 0, 1, 0, 0, 0, 0, 0, 1, 0], [0, 0, 0, 0, 0, 0, 0, 0, 0, 0, 0, 0, 0, 0, 0], [0, 0, 0, 0, 0, 0, 0, 0, 0, 1, 0, 0, 0, 0, 1], [0, 0, 0, 0, 0, 0, 0, 0, 0, 1, 0, 0, 0, 0, 0], [0, 0, 0, 0, 0, 0, 0, 0, 0, 1, 1, 1, 1, 0, 0], [0, 0, 0, 0, 0, 0, 0, 0, 0, 1, 1, 1, 1, 0, 0], [0, 0, 0, 0, 0, 0, 0, 1, 1, 1, 1, 1, 1, 1, 0], [0, 0, 0, 0, 0, 0, 0, 1, 1, 1, 1, 1, 1, 1, 0], [0, 0, 1, 1, 0, 0, 0, 1, 1, 1, 1, 1, 1, 1, 0], [0, 0, 1, 1, 1, 0, 0, 0, 1, 1, 1, 1, 1, 1, 1]]
812
447
812
447
cosnstr type <type 'int'>
cost type <type 'int'>
iteration 0
IT HAPPENED (6, 9)
Greedy cost, greedy val 474 853
greedyMap [[0, 0, 1, 1, 1, 1, 0, 0, 1, 1, 1, 0, 0, 0, 0], [0, 0, 1, 1, 1, 1, 1, 1, 1, 1, 1, 0, 0, 0, 0], [1, 0, 0, 1, 1, 1, 1, 1, 1, 1, 1, 0, 0, 0, 0], [0, 0, 0, 1, 1, 1, 1, 1, 1, 1, 1, 0, 0, 0, 0], [0, 0, 1, 1, 0, 0, 0, 1, 0, 1, 0, 0, 0, 1, 1], [0, 0, 0, 0, 0, 0, 0, 1, 0, 1, 0, 0, 0, 1, 0], [0, 0, 0, 0, 0, 0, 0, 0, 0, 0, 0, 0, 0, 0, 0], [0, 0, 0, 0, 0, 0, 0, 0, 0, 1, 0, 0, 0, 0, 1], [0, 0, 0, 0, 0, 0, 0, 0, 0, 1, 0, 0, 0, 0, 0], [0, 0, 0, 0, 0, 0, 0, 0, 0, 1, 1, 1, 1, 0, 0], [0, 0, 0, 0, 0, 0, 0, 0, 0, 1, 1, 1, 1, 0, 0], [0, 0, 0, 0, 0, 0, 0, 1, 1, 1, 1, 1, 1, 1, 0], [0, 0, 0, 0, 0, 0, 0, 1, 1, 1, 1, 1, 1, 1, 0], [0, 0, 1, 1, 0, 0, 0, 1, 1, 1, 1, 1, 1, 1, 0], [0, 0, 1, 1, 1, 0, 0, 0, 1, 1, 1, 1, 1, 1, 1]]
853
474
853
474
cosnstr type <type 'int'>
cost type <type 'int'>
iteration 0
IT HAPPENED (6, 7)
Greedy cost, greedy val 497 895
greedyMap [[0, 0, 1, 1, 1, 1, 0, 0, 1, 1, 1, 0, 0, 0, 0], [0, 0, 1, 1, 1, 1, 1, 1, 1, 1, 1, 0, 0, 0, 0], [1, 0, 0, 1, 1, 1, 1, 1, 1, 1, 1, 0, 0, 0, 0], [0, 0, 0, 1, 1, 1, 1, 1, 1, 1, 1, 0, 0, 0, 0], [0, 0, 1, 1, 0, 0, 0, 1, 1, 1, 0, 0, 0, 1, 1], [0, 0, 0, 0, 0, 0, 0, 1, 1, 1, 0, 0, 0, 1, 0], [0, 0, 0, 0, 0, 0, 0, 0, 1, 1, 0, 0, 0, 0, 0], [0, 0, 0, 0, 0, 0, 0, 0, 0, 1, 0, 0, 0, 0, 1], [0, 0, 0, 0, 0, 0, 0, 0, 0, 1, 0, 0, 0, 0, 0], [0, 0, 0, 0, 0, 0, 0, 0, 0, 1, 1, 1, 1, 0, 0], [0, 0, 0, 0, 0, 0, 0, 0, 0, 1, 1, 1, 1, 0, 0], [0, 0, 0, 0, 0, 0, 0, 1, 1, 1, 1, 1, 1, 1, 0], [0, 0, 0, 0, 0, 0, 0, 1, 1, 1, 1, 1, 1, 1, 0], [0, 0, 1, 1, 0, 0, 0, 1, 1, 1, 1, 1, 1, 1, 0], [0, 0, 1, 1, 1, 0, 0, 0, 1, 1, 1, 1, 1, 1, 1]]
895
497
895
497
cosnstr type <type 'int'>
cost type <type 'int'>
iteration 0
IT HAPPENED (8, 10)
Greedy cost, greedy val 524 942
greedyMap [[0, 0, 1, 1, 1, 1, 0, 0, 1, 1, 1, 0, 0, 0, 0], [0, 0, 1, 1, 1, 1, 1, 1, 1, 1, 1, 0, 0, 0, 0], [1, 0, 0, 1, 1, 1, 1, 1, 1, 1, 1, 0, 0, 0, 0], [0, 0, 0, 1, 1, 1, 1, 1, 1, 1, 1, 0, 0, 0, 0], [0, 0, 1, 1, 0, 0, 0, 1, 1, 1, 0, 0, 0, 1, 1], [0, 0, 0, 0, 0, 0, 0, 1, 1, 1, 0, 0, 0, 1, 0], [0, 0, 0, 0, 0, 0, 0, 1, 1, 1, 1, 0, 0, 0, 0], [0, 0, 0, 0, 0, 0, 0, 0, 1, 1, 1, 0, 0, 0, 1], [0, 0, 0, 0, 0, 0, 0, 0, 0, 1, 0, 0, 0, 0, 0], [0, 0, 0, 0, 0, 0, 0, 0, 0, 1, 1, 1, 1, 0, 0], [0, 0, 0, 0, 0, 0, 0, 0, 0, 1, 1, 1, 1, 0, 0], [0, 0, 0, 0, 0, 0, 0, 1, 1, 1, 1, 1, 1, 1, 0], [0, 0, 0, 0, 0, 0, 0, 1, 1, 1, 1, 1, 1, 1, 0], [0, 0, 1, 1, 0, 0, 0, 1, 1, 1, 1, 1, 1, 1, 0], [0, 0, 1, 1, 1, 0, 0, 0, 1, 1, 1, 1, 1, 1, 1]]
942
524
942
524
cosnstr type <type 'int'>
cost type <type 'int'>
iteration 0
IT HAPPENED (9, 8)
Greedy cost, greedy val 544 978
greedyMap [[0, 0, 1, 1, 1, 1, 0, 0, 1, 1, 1, 0, 0, 0, 0], [0, 0, 1, 1, 1, 1, 1, 1, 1, 1, 1, 0, 0, 0, 0], [1, 0, 0, 1, 1, 1, 1, 1, 1, 1, 1, 0, 0, 0, 0], [0, 0, 0, 1, 1, 1, 1, 1, 1, 1, 1, 0, 0, 0, 0], [0, 0, 1, 1, 0, 0, 0, 1, 1, 1, 0, 0, 0, 1, 1], [0, 0, 0, 0, 0, 0, 0, 1, 1, 1, 0, 0, 0, 1, 0], [0, 0, 0, 0, 0, 0, 0, 1, 1, 1, 1, 0, 0, 0, 0], [0, 0, 0, 0, 0, 0, 0, 1, 1, 1, 1, 0, 0, 0, 1], [0, 0, 0, 0, 0, 0, 0, 0, 1, 1, 1, 0, 0, 0, 0], [0, 0, 0, 0, 0, 0, 0, 0, 0, 1, 1, 1, 1, 0, 0], [0, 0, 0, 0, 0, 0, 0, 0, 0, 1, 1, 1, 1, 0, 0], [0, 0, 0, 0, 0, 0, 0, 1, 1, 1, 1, 1, 1, 1, 0], [0, 0, 0, 0, 0, 0, 0, 1, 1, 1, 1, 1, 1, 1, 0], [0, 0, 1, 1, 0, 0, 0, 1, 1, 1, 1, 1, 1, 1, 0], [0, 0, 1, 1, 1, 0, 0, 0, 1, 1, 1, 1, 1, 1, 1]]
978
544
978
544
cosnstr type <type 'int'>
cost type <type 'int'>
iteration 0
IT HAPPENED (5, 12)
Greedy cost, greedy val 574 1028
greedyMap [[0, 0, 1, 1, 1, 1, 0, 0, 1, 1, 1, 0, 0, 0, 0], [0, 0, 1, 1, 1, 1, 1, 1, 1, 1, 1, 0, 0, 0, 0], [1, 0, 0, 1, 1, 1, 1, 1, 1, 1, 1, 0, 0, 0, 0], [0, 0, 0, 1, 1, 1, 1, 1, 1, 1, 1, 0, 0, 0, 0], [0, 0, 1, 1, 0, 0, 0, 1, 1, 1, 0, 1, 1, 1, 1], [0, 0, 0, 0, 0, 0, 0, 1, 1, 1, 0, 0, 0, 1, 0], [0, 0, 0, 0, 0, 0, 0, 1, 1, 1, 1, 0, 0, 0, 0], [0, 0, 0, 0, 0, 0, 0, 1, 1, 1, 1, 0, 0, 0, 1], [0, 0, 0, 0, 0, 0, 0, 0, 1, 1, 1, 0, 0, 0, 0], [0, 0, 0, 0, 0, 0, 0, 0, 1, 1, 1, 1, 1, 0, 0], [0, 0, 0, 0, 0, 0, 0, 0, 1, 1, 1, 1, 1, 0, 0], [0, 0, 0, 0, 0, 0, 0, 1, 1, 1, 1, 1, 1, 1, 0], [0, 0, 0, 0, 0, 0, 0, 1, 1, 1, 1, 1, 1, 1, 0], [0, 0, 1, 1, 0, 0, 0, 1, 1, 1, 1, 1, 1, 1, 0], [0, 0, 1, 1, 1, 0, 0, 0, 1, 1, 1, 1, 1, 1, 1]]
1028
574
1028
574
cosnstr type <type 'int'>
cost type <type 'int'>
iteration 0
IT HAPPENED (5, 10)
Greedy cost, greedy val 589 1048
greedyMap [[0, 0, 1, 1, 1, 1, 0, 0, 1, 1, 1, 0, 0, 0, 0], [0, 0, 1, 1, 1, 1, 1, 1, 1, 1, 1, 0, 0, 0, 0], [1, 0, 0, 1, 1, 1, 1, 1, 1, 1, 1, 0, 0, 0, 0], [0, 0, 0, 1, 1, 1, 1, 1, 1, 1, 1, 0, 0, 0, 0], [0, 0, 1, 1, 0, 0, 0, 1, 1, 1, 1, 1, 1, 1, 1], [0, 0, 0, 0, 0, 0, 0, 1, 1, 1, 0, 0, 1, 1, 0], [0, 0, 0, 0, 0, 0, 0, 1, 1, 1, 1, 0, 0, 0, 0], [0, 0, 0, 0, 0, 0, 0, 1, 1, 1, 1, 0, 0, 0, 1], [0, 0, 0, 0, 0, 0, 0, 0, 1, 1, 1, 0, 0, 0, 0], [0, 0, 0, 0, 0, 0, 0, 0, 1, 1, 1, 1, 1, 0, 0], [0, 0, 0, 0, 0, 0, 0, 0, 1, 1, 1, 1, 1, 0, 0], [0, 0, 0, 0, 0, 0, 0, 1, 1, 1, 1, 1, 1, 1, 0], [0, 0, 0, 0, 0, 0, 0, 1, 1, 1, 1, 1, 1, 1, 0], [0, 0, 1, 1, 0, 0, 0, 1, 1, 1, 1, 1, 1, 1, 0], [0, 0, 1, 1, 1, 0, 0, 0, 1, 1, 1, 1, 1, 1, 1]]
1048
589
1048
589
cosnstr type <type 'int'>
cost type <type 'int'>
iteration 0
IT HAPPENED (7, 11)
Greedy cost, greedy val 621 1097
greedyMap [[0, 0, 1, 1, 1, 1, 0, 0, 1, 1, 1, 0, 0, 0, 0], [0, 0, 1, 1, 1, 1, 1, 1, 1, 1, 1, 0, 0, 0, 0], [1, 0, 0, 1, 1, 1, 1, 1, 1, 1, 1, 0, 0, 0, 0], [0, 0, 0, 1, 1, 1, 1, 1, 1, 1, 1, 0, 0, 0, 0], [0, 0, 1, 1, 0, 0, 0, 1, 1, 1, 1, 1, 1, 1, 1], [0, 0, 0, 0, 0, 0, 0, 1, 1, 1, 1, 1, 1, 1, 0], [0, 0, 0, 0, 0, 0, 0, 1, 1, 1, 1, 1, 0, 0, 0], [0, 0, 0, 0, 0, 0, 0, 1, 1, 1, 1, 0, 0, 0, 1], [0, 0, 0, 0, 0, 0, 0, 0, 1, 1, 1, 0, 0, 0, 0], [0, 0, 0, 0, 0, 0, 0, 0, 1, 1, 1, 1, 1, 0, 0], [0, 0, 0, 0, 0, 0, 0, 0, 1, 1, 1, 1, 1, 0, 0], [0, 0, 0, 0, 0, 0, 0, 1, 1, 1, 1, 1, 1, 1, 0], [0, 0, 0, 0, 0, 0, 0, 1, 1, 1, 1, 1, 1, 1, 0], [0, 0, 1, 1, 0, 0, 0, 1, 1, 1, 1, 1, 1, 1, 0], [0, 0, 1, 1, 1, 0, 0, 0, 1, 1, 1, 1, 1, 1, 1]]
1097
621
1097
621
cosnstr type <type 'int'>
cost type <type 'int'>
iteration 0
IT HAPPENED (6, 13)
Greedy cost, greedy val 646 1139
greedyMap [[0, 0, 1, 1, 1, 1, 0, 0, 1, 1, 1, 0, 0, 0, 0], [0, 0, 1, 1, 1, 1, 1, 1, 1, 1, 1, 0, 0, 0, 0], [1, 0, 0, 1, 1, 1, 1, 1, 1, 1, 1, 0, 0, 0, 0], [0, 0, 0, 1, 1, 1, 1, 1, 1, 1, 1, 0, 0, 0, 0], [0, 0, 1, 1, 0, 0, 0, 1, 1, 1, 1, 1, 1, 1, 1], [0, 0, 0, 0, 0, 0, 0, 1, 1, 1, 1, 1, 1, 1, 0], [0, 0, 0, 0, 0, 0, 0, 1, 1, 1, 1, 1, 1, 0, 0], [0, 0, 0, 0, 0, 0, 0, 1, 1, 1, 1, 1, 1, 1, 1], [0, 0, 0, 0, 0, 0, 0, 0, 1, 1, 1, 0, 0, 0, 0], [0, 0, 0, 0, 0, 0, 0, 0, 1, 1, 1, 1, 1, 0, 0], [0, 0, 0, 0, 0, 0, 0, 0, 1, 1, 1, 1, 1, 0, 0], [0, 0, 0, 0, 0, 0, 0, 1, 1, 1, 1, 1, 1, 1, 0], [0, 0, 0, 0, 0, 0, 0, 1, 1, 1, 1, 1, 1, 1, 0], [0, 0, 1, 1, 0, 0, 0, 1, 1, 1, 1, 1, 1, 1, 0], [0, 0, 1, 1, 1, 0, 0, 0, 1, 1, 1, 1, 1, 1, 1]]
1139
646
1139
646
cosnstr type <type 'int'>
cost type <type 'int'>
iteration 0
Greedy cost, greedy val 675 1195
greedyMap [[0, 0, 1, 1, 1, 1, 0, 0, 1, 1, 1, 0, 0, 0, 0], [0, 0, 1, 1, 1, 1, 1, 1, 1, 1, 1, 0, 0, 0, 0], [1, 0, 0, 1, 1, 1, 1, 1, 1, 1, 1, 0, 0, 0, 0], [0, 0, 0, 1, 1, 1, 1, 1, 1, 1, 1, 0, 0, 0, 0], [0, 0, 1, 1, 0, 0, 0, 1, 1, 1, 1, 1, 1, 1, 1], [1, 0, 0, 0, 0, 0, 0, 1, 1, 1, 1, 1, 1, 1, 1], [1, 0, 0, 0, 0, 0, 0, 1, 1, 1, 1, 1, 1, 1, 1], [0, 0, 0, 0, 0, 0, 0, 1, 1, 1, 1, 1, 1, 1, 1], [0, 0, 0, 0, 0, 0, 0, 0, 1, 1, 1, 0, 0, 0, 0], [0, 0, 0, 0, 0, 0, 0, 0, 1, 1, 1, 1, 1, 0, 0], [0, 0, 0, 0, 0, 0, 0, 0, 1, 1, 1, 1, 1, 0, 0], [0, 0, 0, 0, 0, 0, 0, 1, 1, 1, 1, 1, 1, 1, 0], [0, 0, 0, 0, 0, 0, 0, 1, 1, 1, 1, 1, 1, 1, 0], [0, 0, 1, 1, 0, 0, 0, 1, 1, 1, 1, 1, 1, 1, 0], [0, 0, 1, 1, 1, 0, 0, 0, 1, 1, 1, 1, 1, 1, 1]]
1195
675
1195
675
cosnstr type <type 'int'>
cost type <type 'int'>
iteration 0
IT HAPPENED (5, 2)
Greedy cost, greedy val 693 1230
greedyMap [[0, 0, 1, 1, 1, 1, 0, 0, 1, 1, 1, 0, 0, 0, 0], [0, 0, 1, 1, 1, 1, 1, 1, 1, 1, 1, 0, 0, 0, 0], [1, 0, 0, 1, 1, 1, 1, 1, 1, 1, 1, 0, 0, 0, 0], [0, 0, 0, 1, 1, 1, 1, 1, 1, 1, 1, 0, 0, 0, 0], [0, 1, 1, 1, 0, 0, 0, 1, 1, 1, 1, 1, 1, 1, 1], [1, 1, 0, 0, 0, 0, 0, 1, 1, 1, 1, 1, 1, 1, 1], [1, 1, 1, 0, 0, 0, 0, 1, 1, 1, 1, 1, 1, 1, 1], [0, 0, 0, 0, 0, 0, 0, 1, 1, 1, 1, 1, 1, 1, 1], [0, 0, 0, 0, 0, 0, 0, 0, 1, 1, 1, 0, 0, 0, 0], [0, 0, 0, 0, 0, 0, 0, 0, 1, 1, 1, 1, 1, 0, 0], [0, 0, 0, 0, 0, 0, 0, 0, 1, 1, 1, 1, 1, 0, 0], [0, 0, 0, 0, 0, 0, 0, 1, 1, 1, 1, 1, 1, 1, 0], [0, 0, 0, 0, 0, 0, 0, 1, 1, 1, 1, 1, 1, 1, 0], [0, 0, 1, 1, 0, 0, 0, 1, 1, 1, 1, 1, 1, 1, 0], [0, 0, 1, 1, 1, 0, 0, 0, 1, 1, 1, 1, 1, 1, 1]]
1230
693
1230
693
cosnstr type <type 'int'>
cost type <type 'int'>
iteration 0
IT HAPPENED (3, 12)
Greedy cost, greedy val 723 1286
greedyMap [[0, 0, 1, 1, 1, 1, 0, 0, 1, 1, 1, 0, 0, 0, 0], [0, 0, 1, 1, 1, 1, 1, 1, 1, 1, 1, 0, 0, 0, 0], [1, 0, 0, 1, 1, 1, 1, 1, 1, 1, 1, 0, 0, 0, 0], [0, 0, 0, 1, 1, 1, 1, 1, 1, 1, 1, 0, 0, 0, 0], [0, 1, 1, 1, 0, 0, 0, 1, 1, 1, 1, 1, 1, 1, 1], [1, 1, 1, 1, 0, 0, 0, 1, 1, 1, 1, 1, 1, 1, 1], [1, 1, 1, 1, 1, 0, 0, 1, 1, 1, 1, 1, 1, 1, 1], [0, 0, 0, 0, 1, 0, 0, 1, 1, 1, 1, 1, 1, 1, 1], [0, 0, 0, 0, 0, 0, 0, 0, 1, 1, 1, 0, 0, 0, 0], [0, 0, 0, 0, 0, 0, 0, 0, 1, 1, 1, 1, 1, 0, 0], [0, 0, 0, 0, 0, 0, 0, 0, 1, 1, 1, 1, 1, 0, 0], [0, 0, 0, 0, 0, 0, 0, 1, 1, 1, 1, 1, 1, 1, 0], [0, 0, 0, 0, 0, 0, 0, 1, 1, 1, 1, 1, 1, 1, 0], [0, 0, 1, 1, 0, 0, 0, 1, 1, 1, 1, 1, 1, 1, 0], [0, 0, 1, 1, 1, 0, 0, 0, 1, 1, 1, 1, 1, 1, 1]]
1286
723
1286
723
cosnstr type <type 'int'>
cost type <type 'int'>
iteration 0
IT HAPPENED (2, 11)
Greedy cost, greedy val 746 1318
greedyMap [[0, 0, 1, 1, 1, 1, 0, 0, 1, 1, 1, 0, 0, 0, 0], [0, 0, 1, 1, 1, 1, 1, 1, 1, 1, 1, 0, 0, 0, 0], [1, 0, 0, 1, 1, 1, 1, 1, 1, 1, 1, 0, 0, 0, 0], [0, 0, 0, 1, 1, 1, 1, 1, 1, 1, 1, 1, 1, 1, 0], [0, 1, 1, 1, 0, 0, 0, 1, 1, 1, 1, 1, 1, 1, 1], [1, 1, 1, 1, 0, 0, 0, 1, 1, 1, 1, 1, 1, 1, 1], [1, 1, 1, 1, 1, 0, 0, 1, 1, 1, 1, 1, 1, 1, 1], [0, 0, 0, 0, 1, 0, 0, 1, 1, 1, 1, 1, 1, 1, 1], [0, 0, 0, 0, 0, 0, 0, 0, 1, 1, 1, 0, 0, 0, 0], [0, 0, 0, 0, 0, 0, 0, 0, 1, 1, 1, 1, 1, 0, 0], [0, 0, 0, 0, 0, 0, 0, 0, 1, 1, 1, 1, 1, 0, 0], [0, 0, 0, 0, 0, 0, 0, 1, 1, 1, 1, 1, 1, 1, 0], [0, 0, 0, 0, 0, 0, 0, 1, 1, 1, 1, 1, 1, 1, 0], [0, 0, 1, 1, 0, 0, 0, 1, 1, 1, 1, 1, 1, 1, 0], [0, 0, 1, 1, 1, 0, 0, 0, 1, 1, 1, 1, 1, 1, 1]]
1318
746
1318
746
cosnstr type <type 'int'>
cost type <type 'int'>
iteration 0
IT HAPPENED (5, 4)
Greedy cost, greedy val 773 1363
greedyMap [[0, 0, 1, 1, 1, 1, 0, 0, 1, 1, 1, 0, 0, 0, 0], [0, 0, 1, 1, 1, 1, 1, 1, 1, 1, 1, 1, 0, 0, 0], [1, 0, 0, 1, 1, 1, 1, 1, 1, 1, 1, 1, 1, 1, 0], [0, 0, 0, 1, 1, 1, 1, 1, 1, 1, 1, 1, 1, 1, 0], [0, 1, 1, 1, 0, 0, 0, 1, 1, 1, 1, 1, 1, 1, 1], [1, 1, 1, 1, 0, 0, 0, 1, 1, 1, 1, 1, 1, 1, 1], [1, 1, 1, 1, 1, 0, 0, 1, 1, 1, 1, 1, 1, 1, 1], [0, 0, 0, 0, 1, 0, 0, 1, 1, 1, 1, 1, 1, 1, 1], [0, 0, 0, 0, 0, 0, 0, 0, 1, 1, 1, 0, 0, 0, 0], [0, 0, 0, 0, 0, 0, 0, 0, 1, 1, 1, 1, 1, 0, 0], [0, 0, 0, 0, 0, 0, 0, 0, 1, 1, 1, 1, 1, 0, 0], [0, 0, 0, 0, 0, 0, 0, 1, 1, 1, 1, 1, 1, 1, 0], [0, 0, 0, 0, 0, 0, 0, 1, 1, 1, 1, 1, 1, 1, 0], [0, 0, 1, 1, 0, 0, 0, 1, 1, 1, 1, 1, 1, 1, 0], [0, 0, 1, 1, 1, 0, 0, 0, 1, 1, 1, 1, 1, 1, 1]]
1363
773
1363
773
cosnstr type <type 'int'>
cost type <type 'int'>
iteration 0
IT HAPPENED (4, 5)
Greedy cost, greedy val 799 1396
greedyMap [[0, 0, 1, 1, 1, 1, 0, 0, 1, 1, 1, 0, 0, 0, 0], [0, 0, 1, 1, 1, 1, 1, 1, 1, 1, 1, 1, 0, 0, 0], [1, 0, 0, 1, 1, 1, 1, 1, 1, 1, 1, 1, 1, 1, 0], [0, 0, 0, 1, 1, 1, 1, 1, 1, 1, 1, 1, 1, 1, 0], [0, 1, 1, 1, 1, 0, 0, 1, 1, 1, 1, 1, 1, 1, 1], [1, 1, 1, 1, 1, 1, 0, 1, 1, 1, 1, 1, 1, 1, 1], [1, 1, 1, 1, 1, 0, 0, 1, 1, 1, 1, 1, 1, 1, 1], [0, 0, 0, 0, 1, 0, 0, 1, 1, 1, 1, 1, 1, 1, 1], [0, 0, 0, 0, 0, 0, 0, 0, 1, 1, 1, 0, 0, 0, 0], [0, 0, 0, 0, 0, 0, 0, 0, 1, 1, 1, 1, 1, 0, 0], [0, 0, 0, 0, 0, 0, 0, 0, 1, 1, 1, 1, 1, 0, 0], [0, 0, 0, 0, 0, 0, 0, 1, 1, 1, 1, 1, 1, 1, 0], [0, 0, 0, 0, 0, 0, 0, 1, 1, 1, 1, 1, 1, 1, 0], [0, 0, 1, 1, 0, 0, 0, 1, 1, 1, 1, 1, 1, 1, 0], [0, 0, 1, 1, 1, 0, 0, 0, 1, 1, 1, 1, 1, 1, 1]]
1396
799
1396
799
cosnstr type <type 'int'>
cost type <type 'int'>
iteration 0
Greedy cost, greedy val 825 1435
greedyMap [[0, 0, 1, 1, 1, 1, 0, 0, 1, 1, 1, 0, 0, 0, 0], [0, 0, 1, 1, 1, 1, 1, 1, 1, 1, 1, 1, 0, 0, 0], [1, 0, 0, 1, 1, 1, 1, 1, 1, 1, 1, 1, 1, 1, 0], [0, 0, 0, 1, 1, 1, 1, 1, 1, 1, 1, 1, 1, 1, 0], [0, 1, 1, 1, 1, 1, 1, 1, 1, 1, 1, 1, 1, 1, 1], [1, 1, 1, 1, 1, 1, 0, 1, 1, 1, 1, 1, 1, 1, 1], [1, 1, 1, 1, 1, 0, 0, 1, 1, 1, 1, 1, 1, 1, 1], [0, 0, 0, 1, 1, 0, 0, 1, 1, 1, 1, 1, 1, 1, 1], [0, 0, 0, 0, 0, 0, 0, 0, 1, 1, 1, 0, 0, 0, 0], [0, 0, 0, 0, 0, 0, 0, 0, 1, 1, 1, 1, 1, 0, 0], [0, 0, 0, 0, 0, 0, 0, 0, 1, 1, 1, 1, 1, 0, 0], [0, 0, 0, 0, 0, 0, 0, 1, 1, 1, 1, 1, 1, 1, 0], [0, 0, 0, 0, 0, 0, 0, 1, 1, 1, 1, 1, 1, 1, 0], [0, 0, 1, 1, 0, 0, 0, 1, 1, 1, 1, 1, 1, 1, 0], [0, 0, 1, 1, 1, 0, 0, 0, 1, 1, 1, 1, 1, 1, 1]]
1435
825
1435
825
cosnstr type <type 'int'>
cost type <type 'int'>
iteration 0
IT HAPPENED (7, 2)
Greedy cost, greedy val 843 1471
greedyMap [[0, 0, 1, 1, 1, 1, 0, 0, 1, 1, 1, 0, 0, 0, 0], [0, 0, 1, 1, 1, 1, 1, 1, 1, 1, 1, 1, 0, 0, 0], [1, 0, 0, 1, 1, 1, 1, 1, 1, 1, 1, 1, 1, 1, 0], [0, 0, 0, 1, 1, 1, 1, 1, 1, 1, 1, 1, 1, 1, 0], [0, 1, 1, 1, 1, 1, 1, 1, 1, 1, 1, 1, 1, 1, 1], [1, 1, 1, 1, 1, 1, 0, 1, 1, 1, 1, 1, 1, 1, 1], [1, 1, 1, 1, 1, 0, 0, 1, 1, 1, 1, 1, 1, 1, 1], [0, 0, 0, 1, 1, 0, 0, 1, 1, 1, 1, 1, 1, 1, 1], [0, 0, 1, 1, 1, 0, 0, 0, 1, 1, 1, 0, 0, 0, 0], [0, 0, 0, 0, 0, 0, 0, 0, 1, 1, 1, 1, 1, 0, 0], [0, 0, 0, 0, 0, 0, 0, 0, 1, 1, 1, 1, 1, 0, 0], [0, 0, 0, 0, 0, 0, 0, 1, 1, 1, 1, 1, 1, 1, 0], [0, 0, 0, 0, 0, 0, 0, 1, 1, 1, 1, 1, 1, 1, 0], [0, 0, 1, 1, 0, 0, 0, 1, 1, 1, 1, 1, 1, 1, 0], [0, 0, 1, 1, 1, 0, 0, 0, 1, 1, 1, 1, 1, 1, 1]]
1471
843
1471
843
cosnstr type <type 'int'>
cost type <type 'int'>
iteration 0
IT HAPPENED (7, 0)
Greedy cost, greedy val 869 1520
greedyMap [[0, 0, 1, 1, 1, 1, 0, 0, 1, 1, 1, 0, 0, 0, 0], [0, 0, 1, 1, 1, 1, 1, 1, 1, 1, 1, 1, 0, 0, 0], [1, 0, 0, 1, 1, 1, 1, 1, 1, 1, 1, 1, 1, 1, 0], [0, 0, 0, 1, 1, 1, 1, 1, 1, 1, 1, 1, 1, 1, 0], [0, 1, 1, 1, 1, 1, 1, 1, 1, 1, 1, 1, 1, 1, 1], [1, 1, 1, 1, 1, 1, 0, 1, 1, 1, 1, 1, 1, 1, 1], [1, 1, 1, 1, 1, 0, 0, 1, 1, 1, 1, 1, 1, 1, 1], [0, 1, 1, 1, 1, 0, 0, 1, 1, 1, 1, 1, 1, 1, 1], [1, 1, 1, 1, 1, 0, 0, 0, 1, 1, 1, 0, 0, 0, 0], [0, 0, 0, 0, 0, 0, 0, 0, 1, 1, 1, 1, 1, 0, 0], [0, 0, 0, 0, 0, 0, 0, 0, 1, 1, 1, 1, 1, 0, 0], [0, 0, 0, 0, 0, 0, 0, 1, 1, 1, 1, 1, 1, 1, 0], [0, 0, 0, 0, 0, 0, 0, 1, 1, 1, 1, 1, 1, 1, 0], [0, 0, 1, 1, 0, 0, 0, 1, 1, 1, 1, 1, 1, 1, 0], [0, 0, 1, 1, 1, 0, 0, 0, 1, 1, 1, 1, 1, 1, 1]]
1520
869
1520
869
cosnstr type <type 'int'>
cost type <type 'int'>
iteration 0
IT HAPPENED (8, 12)
Greedy cost, greedy val 897 1566
greedyMap [[0, 0, 1, 1, 1, 1, 0, 0, 1, 1, 1, 0, 0, 0, 0], [0, 0, 1, 1, 1, 1, 1, 1, 1, 1, 1, 1, 0, 0, 0], [1, 0, 0, 1, 1, 1, 1, 1, 1, 1, 1, 1, 1, 1, 0], [0, 0, 0, 1, 1, 1, 1, 1, 1, 1, 1, 1, 1, 1, 0], [0, 1, 1, 1, 1, 1, 1, 1, 1, 1, 1, 1, 1, 1, 1], [1, 1, 1, 1, 1, 1, 0, 1, 1, 1, 1, 1, 1, 1, 1], [1, 1, 1, 1, 1, 0, 0, 1, 1, 1, 1, 1, 1, 1, 1], [1, 1, 1, 1, 1, 0, 0, 1, 1, 1, 1, 1, 1, 1, 1], [1, 1, 1, 1, 1, 0, 0, 0, 1, 1, 1, 1, 0, 0, 0], [1, 1, 0, 0, 0, 0, 0, 0, 1, 1, 1, 1, 1, 0, 0], [0, 0, 0, 0, 0, 0, 0, 0, 1, 1, 1, 1, 1, 0, 0], [0, 0, 0, 0, 0, 0, 0, 1, 1, 1, 1, 1, 1, 1, 0], [0, 0, 0, 0, 0, 0, 0, 1, 1, 1, 1, 1, 1, 1, 0], [0, 0, 1, 1, 0, 0, 0, 1, 1, 1, 1, 1, 1, 1, 0], [0, 0, 1, 1, 1, 0, 0, 0, 1, 1, 1, 1, 1, 1, 1]]
1566
897
1566
897
cosnstr type <type 'int'>
cost type <type 'int'>
iteration 0
IT HAPPENED (9, 14)
Greedy cost, greedy val 922 1603
greedyMap [[0, 0, 1, 1, 1, 1, 0, 0, 1, 1, 1, 0, 0, 0, 0], [0, 0, 1, 1, 1, 1, 1, 1, 1, 1, 1, 1, 0, 0, 0], [1, 0, 0, 1, 1, 1, 1, 1, 1, 1, 1, 1, 1, 1, 0], [0, 0, 0, 1, 1, 1, 1, 1, 1, 1, 1, 1, 1, 1, 0], [0, 1, 1, 1, 1, 1, 1, 1, 1, 1, 1, 1, 1, 1, 1], [1, 1, 1, 1, 1, 1, 0, 1, 1, 1, 1, 1, 1, 1, 1], [1, 1, 1, 1, 1, 0, 0, 1, 1, 1, 1, 1, 1, 1, 1], [1, 1, 1, 1, 1, 0, 0, 1, 1, 1, 1, 1, 1, 1, 1], [1, 1, 1, 1, 1, 0, 0, 0, 1, 1, 1, 1, 1, 1, 1], [1, 1, 0, 0, 0, 0, 0, 0, 1, 1, 1, 1, 1, 0, 0], [0, 0, 0, 0, 0, 0, 0, 0, 1, 1, 1, 1, 1, 0, 0], [0, 0, 0, 0, 0, 0, 0, 1, 1, 1, 1, 1, 1, 1, 0], [0, 0, 0, 0, 0, 0, 0, 1, 1, 1, 1, 1, 1, 1, 0], [0, 0, 1, 1, 0, 0, 0, 1, 1, 1, 1, 1, 1, 1, 0], [0, 0, 1, 1, 1, 0, 0, 0, 1, 1, 1, 1, 1, 1, 1]]
1603
922
1603
922
cosnstr type <type 'int'>
cost type <type 'int'>
iteration 0
IT HAPPENED (10, 13)
Greedy cost, greedy val 940 1631
greedyMap [[0, 0, 1, 1, 1, 1, 0, 0, 1, 1, 1, 0, 0, 0, 0], [0, 0, 1, 1, 1, 1, 1, 1, 1, 1, 1, 1, 0, 0, 0], [1, 0, 0, 1, 1, 1, 1, 1, 1, 1, 1, 1, 1, 1, 0], [0, 0, 0, 1, 1, 1, 1, 1, 1, 1, 1, 1, 1, 1, 0], [0, 1, 1, 1, 1, 1, 1, 1, 1, 1, 1, 1, 1, 1, 1], [1, 1, 1, 1, 1, 1, 0, 1, 1, 1, 1, 1, 1, 1, 1], [1, 1, 1, 1, 1, 0, 0, 1, 1, 1, 1, 1, 1, 1, 1], [1, 1, 1, 1, 1, 0, 0, 1, 1, 1, 1, 1, 1, 1, 1], [1, 1, 1, 1, 1, 0, 0, 0, 1, 1, 1, 1, 1, 1, 1], [1, 1, 0, 0, 0, 0, 0, 0, 1, 1, 1, 1, 1, 1, 1], [0, 0, 0, 0, 0, 0, 0, 0, 1, 1, 1, 1, 1, 0, 0], [0, 0, 0, 0, 0, 0, 0, 1, 1, 1, 1, 1, 1, 1, 0], [0, 0, 0, 0, 0, 0, 0, 1, 1, 1, 1, 1, 1, 1, 0], [0, 0, 1, 1, 0, 0, 0, 1, 1, 1, 1, 1, 1, 1, 0], [0, 0, 1, 1, 1, 0, 0, 0, 1, 1, 1, 1, 1, 1, 1]]
1631
940
1631
940
cosnstr type <type 'int'>
cost type <type 'int'>
iteration 0
IT HAPPENED (12, 4)
Greedy cost, greedy val 973 1683
greedyMap [[0, 0, 1, 1, 1, 1, 0, 0, 1, 1, 1, 0, 0, 0, 0], [0, 0, 1, 1, 1, 1, 1, 1, 1, 1, 1, 1, 0, 0, 0], [1, 0, 0, 1, 1, 1, 1, 1, 1, 1, 1, 1, 1, 1, 0], [0, 0, 0, 1, 1, 1, 1, 1, 1, 1, 1, 1, 1, 1, 0], [0, 1, 1, 1, 1, 1, 1, 1, 1, 1, 1, 1, 1, 1, 1], [1, 1, 1, 1, 1, 1, 0, 1, 1, 1, 1, 1, 1, 1, 1], [1, 1, 1, 1, 1, 0, 0, 1, 1, 1, 1, 1, 1, 1, 1], [1, 1, 1, 1, 1, 0, 0, 1, 1, 1, 1, 1, 1, 1, 1], [1, 1, 1, 1, 1, 0, 0, 0, 1, 1, 1, 1, 1, 1, 1], [1, 1, 0, 0, 0, 0, 0, 0, 1, 1, 1, 1, 1, 1, 1], [0, 0, 0, 0, 0, 0, 0, 0, 1, 1, 1, 1, 1, 1, 0], [0, 0, 0, 1, 0, 0, 0, 1, 1, 1, 1, 1, 1, 1, 0], [0, 0, 1, 1, 0, 0, 0, 1, 1, 1, 1, 1, 1, 1, 0], [0, 0, 1, 1, 1, 0, 0, 1, 1, 1, 1, 1, 1, 1, 0], [0, 0, 1, 1, 1, 0, 0, 0, 1, 1, 1, 1, 1, 1, 1]]
1683
973
1683
973
cosnstr type <type 'int'>
cost type <type 'int'>
iteration 0
IT HAPPENED (10, 4)
Greedy cost, greedy val 997 1732
greedyMap [[0, 0, 1, 1, 1, 1, 0, 0, 1, 1, 1, 0, 0, 0, 0], [0, 0, 1, 1, 1, 1, 1, 1, 1, 1, 1, 1, 0, 0, 0], [1, 0, 0, 1, 1, 1, 1, 1, 1, 1, 1, 1, 1, 1, 0], [0, 0, 0, 1, 1, 1, 1, 1, 1, 1, 1, 1, 1, 1, 0], [0, 1, 1, 1, 1, 1, 1, 1, 1, 1, 1, 1, 1, 1, 1], [1, 1, 1, 1, 1, 1, 0, 1, 1, 1, 1, 1, 1, 1, 1], [1, 1, 1, 1, 1, 0, 0, 1, 1, 1, 1, 1, 1, 1, 1], [1, 1, 1, 1, 1, 0, 0, 1, 1, 1, 1, 1, 1, 1, 1], [1, 1, 1, 1, 1, 0, 0, 0, 1, 1, 1, 1, 1, 1, 1], [1, 1, 0, 0, 0, 0, 0, 0, 1, 1, 1, 1, 1, 1, 1], [0, 0, 0, 0, 0, 0, 0, 0, 1, 1, 1, 1, 1, 1, 0], [0, 0, 1, 1, 1, 1, 0, 1, 1, 1, 1, 1, 1, 1, 0], [0, 0, 1, 1, 1, 0, 0, 1, 1, 1, 1, 1, 1, 1, 0], [0, 0, 1, 1, 1, 1, 0, 1, 1, 1, 1, 1, 1, 1, 0], [0, 0, 1, 1, 1, 0, 0, 0, 1, 1, 1, 1, 1, 1, 1]]
1732
997
1732
997
cosnstr type <type 'int'>
cost type <type 'int'>
iteration 0
IT HAPPENED (9, 3)
Greedy cost, greedy val 1023 1773
greedyMap [[0, 0, 1, 1, 1, 1, 0, 0, 1, 1, 1, 0, 0, 0, 0], [0, 0, 1, 1, 1, 1, 1, 1, 1, 1, 1, 1, 0, 0, 0], [1, 0, 0, 1, 1, 1, 1, 1, 1, 1, 1, 1, 1, 1, 0], [0, 0, 0, 1, 1, 1, 1, 1, 1, 1, 1, 1, 1, 1, 0], [0, 1, 1, 1, 1, 1, 1, 1, 1, 1, 1, 1, 1, 1, 1], [1, 1, 1, 1, 1, 1, 0, 1, 1, 1, 1, 1, 1, 1, 1], [1, 1, 1, 1, 1, 0, 0, 1, 1, 1, 1, 1, 1, 1, 1], [1, 1, 1, 1, 1, 0, 0, 1, 1, 1, 1, 1, 1, 1, 1], [1, 1, 1, 1, 1, 0, 0, 0, 1, 1, 1, 1, 1, 1, 1], [1, 1, 0, 0, 0, 0, 0, 0, 1, 1, 1, 1, 1, 1, 1], [0, 1, 1, 1, 1, 0, 0, 0, 1, 1, 1, 1, 1, 1, 0], [0, 0, 1, 1, 1, 1, 0, 1, 1, 1, 1, 1, 1, 1, 0], [0, 0, 1, 1, 1, 0, 0, 1, 1, 1, 1, 1, 1, 1, 0], [0, 0, 1, 1, 1, 1, 0, 1, 1, 1, 1, 1, 1, 1, 0], [0, 0, 1, 1, 1, 0, 0, 0, 1, 1, 1, 1, 1, 1, 1]]
1773
1023
1773
1023
cosnstr type <type 'int'>
cost type <type 'int'>
iteration 0
(49, 15, 'g')
iteration 1
(113, 44, 'g')
iteration 1
(169, 71, 'g')
iteration 1
(276, 114, 'g')
iteration 1
(220, 97, 'g')
iteration 1
(1689, 1000, 'g')
iteration 1
(1763, 1023, 'g')
iteration 1
(1535, 895, 'g')
iteration 1
(1629, 945, 'g')
iteration 1
(1664, 966, 'g')
iteration 1
(1572, 916, 'g')
iteration 1
(382, 165, 'g')
iteration 1
(329, 144, 'g')
iteration 1
(1518, 870, 'g')
iteration 1
(1418, 792, 'g')
iteration 1
(1472, 822, 'g')
iteration 1
(1293, 745, 'g')
iteration 1
(428, 194, 'g')
iteration 1
(1509, 845, 'g')
iteration 1
(1377, 770, 'g')
iteration 1
(466, 217, 'g')
iteration 1
(513, 247, 'g')
iteration 1
(117, 46, 'g')
iteration 2
(544, 268, 'g')
iteration 1
(1274, 717, 'g')
iteration 1
(619, 293, 'g')
iteration 1
(1010, 545, 'g')
iteration 1
(1213, 668, 'g')
iteration 1
(1170, 643, 'g')
iteration 1
(679, 348, 'g')
iteration 1
(628, 316, 'g')
iteration 1
(813, 416, 'g')
iteration 1
(1231, 692, 'g')
iteration 1
(758, 393, 'g')
iteration 1
(1062, 567, 'g')
iteration 1
(57, 17, 'g')
iteration 2
(1078, 590, 'g')
iteration 1
(1128, 619, 'g')
iteration 1
(856, 440, 'g')
iteration 1
(939, 495, 'g')
iteration 1
(991, 522, 'g')
iteration 1
(897, 468, 'g')
iteration 1
(730, 368, 'g')
iteration 1
(169, 71, 'g')
iteration 2
(1763, 990, 'g')
iteration 2
(229, 93, 'g')
iteration 2
(280, 123, 'g')
iteration 2
(1803, 1020, 'g')
iteration 2
(1600, 897, 'g')
iteration 2
(1702, 943, 'g')
iteration 2
(1738, 969, 'g')
iteration 2
(383, 165, 'g')
iteration 2
(440, 198, 'g')
iteration 2
(1652, 920, 'g')
iteration 2
(341, 145, 'g')
iteration 2
(1532, 850, 'g')
iteration 2
(515, 246, 'g')
iteration 2
(1495, 824, 'g')
iteration 2
(1566, 872, 'g')
iteration 2
(1438, 798, 'g')
iteration 2
(117, 46, 'g')
iteration 3
(1367, 740, 'g')
iteration 2
(655, 322, 'g')
iteration 2
(550, 268, 'g')
iteration 2
(484, 224, 'g')
iteration 2
(1389, 769, 'g')
iteration 2
(688, 343, 'g')
iteration 2
(1025, 548, 'g')
iteration 2
(1291, 698, 'g')
iteration 2
(621, 294, 'g')
iteration 2
(1238, 664, 'g')
iteration 2
(824, 421, 'g')
iteration 2
(783, 393, 'g')
iteration 2
(1812, 1022, 'g')
iteration 3
(57, 17, 'g')
iteration 3
(1144, 623, 'g')
iteration 2
(1334, 720, 'g')
iteration 2
(856, 440, 'g')
iteration 2
(954, 494, 'g')
iteration 2
(688, 343, 'g')
iteration 3
(1118, 599, 'g')
iteration 2
(1073, 567, 'g')
iteration 2
(1001, 523, 'g')
iteration 2
(1198, 644, 'g')
iteration 2
(740, 366, 'g')
iteration 2
(1614, 893, 'g')
iteration 3
(921, 468, 'g')
iteration 2
(175, 73, 'p')
iteration 3
(1763, 990, 'g')
iteration 3
(1001, 523, 'g')
iteration 3
(621, 294, 'g')
iteration 3
(280, 123, 'g')
iteration 3
(1510, 823, 'g')
iteration 3
(1703, 948, 'g')
iteration 3
(1001, 523, 'g')
iteration 4
(1001, 523, 'g')
iteration 5
(1001, 523, 'g')
iteration 6
(1662, 921, 'g')
iteration 3
(1536, 847, 'g')
iteration 3
(383, 165, 'g')
iteration 3
(1743, 971, 'g')
iteration 3
(1001, 523, 'g')
iteration 7
(341, 145, 'g')
iteration 3
(229, 93, 'g')
iteration 3
(1570, 870, 'g')
iteration 3
(515, 246, 'g')
iteration 3
(1001, 523, 'g')
iteration 8
(1445, 793, 'g')
iteration 3
(856, 440, 'g')
iteration 3
(122, 48, 'p')
iteration 4
(1367, 740, 'g')
iteration 3
(1001, 523, 'g')
iteration 9
(783, 393, 'g')
iteration 3
(1025, 548, 'g')
iteration 3
(550, 268, 'g')
iteration 3
(1404, 768, 'g')
iteration 3
(484, 224, 'g')
iteration 3
(655, 322, 'g')
iteration 3
(1243, 667, 'g')
iteration 3
(1001, 523, 'g')
iteration 10
(1341, 723, 'g')
iteration 3
(824, 421, 'g')
iteration 3
(1001, 523, 'g')
iteration 11
(1812, 1022, 'g')
iteration 4
(64, 20, 'p')
iteration 4
(1152, 618, 'g')
iteration 3
(1291, 698, 'g')
iteration 3
(1073, 567, 'g')
iteration 3
(688, 343, 'g')
iteration 4
(1118, 599, 'g')
iteration 3
(966, 495, 'g')
iteration 3
(1001, 523, 'g')
iteration 12
(740, 366, 'g')
iteration 3
(177, 73, 'p')
iteration 4
(1617, 895, 'g')
iteration 4
(1001, 523, 'g')
iteration 13
(925, 471, 'g')
iteration 3
(1198, 644, 'g')
iteration 3
(1001, 523, 'g')
iteration 14
(1763, 990, 'g')
iteration 4
(621, 294, 'g')
iteration 4
(1001, 523, 'g')
[(1001, 523, 'g'), (991, 522, 'g'), (982, 524, 'p'), (981, 516, 'm'), (933, 521, 'p'), (524, 514, 'r'), (522, 512, 'r'), (521, 514, 'r'), (515, 514, 'r'), (512, 519, 'r'), (510, 514, 'r'), (510, 518, 'r'), (505, 502, 'r'), (503, 525, 'r'), (495, 519, 'r')]
time:  27465.9549999
constraint 525
([[1, 0, 0, 0, 0, 0, 0, 0, 1, 1, 1, 0, 0, 0, 0], [0, 0, 0, 0, 0, 0, 0, 1, 1, 1, 1, 0, 0, 0, 0], [0, 0, 0, 0, 1, 0, 1, 1, 1, 1, 1, 0, 0, 0, 0], [0, 0, 0, 1, 1, 1, 1, 1, 1, 1, 1, 0, 0, 0, 0], [0, 0, 1, 1, 0, 0, 0, 1, 1, 1, 0, 1, 1, 1, 0], [1, 1, 1, 1, 0, 0, 0, 1, 1, 1, 0, 0, 0, 1, 0], [1, 1, 1, 1, 1, 0, 0, 0, 0, 0, 0, 0, 0, 1, 1], [0, 1, 1, 1, 1, 0, 0, 0, 0, 0, 0, 0, 0, 0, 1], [1, 1, 1, 1, 1, 0, 1, 1, 1, 1, 1, 1, 0, 0, 1], [1, 1, 1, 1, 1, 1, 0, 0, 1, 1, 1, 1, 0, 0, 0], [1, 1, 1, 1, 1, 1, 1, 0, 0, 1, 0, 0, 0, 0, 0], [0, 0, 1, 1, 1, 1, 0, 1, 0, 0, 0, 0, 0, 0, 0], [0, 0, 1, 1, 1, 0, 0, 0, 0, 1, 1, 0, 0, 0, 0], [0, 0, 1, 1, 0, 0, 0, 1, 1, 1, 1, 0, 0, 1, 0], [1, 0, 0, 0, 0, 0, 0, 0, 1, 1, 1, 0, 0, 1, 1]], 1001, 523, 'g')
(280, 123, 'g')
iteration 4
(1510, 823, 'g')
iteration 4
(1703, 948, 'g')
iteration 4
(1243, 667, 'g')
iteration 4
(783, 393, 'g')
iteration 4
(440, 198, 'g')
iteration 3
(407, 174, 'p')
iteration 4
(1664, 920, 'g')
iteration 4
(1536, 847, 'g')
iteration 4
(1743, 971, 'g')
iteration 4
(341, 145, 'g')
iteration 4
(229, 93, 'g')
iteration 4
(1570, 870, 'g')
iteration 4
(515, 246, 'g')
iteration 4
(858, 448, 'p')
iteration 4
(1445, 793, 'g')
iteration 4
(1367, 740, 'g')
iteration 4
(122, 48, 'p')
iteration 5
(1025, 548, 'g')
iteration 4
(550, 268, 'g')
iteration 4
(484, 224, 'g')
iteration 4
(655, 322, 'g')
iteration 4
(1404, 768, 'g')
iteration 4
(824, 421, 'g')
iteration 4
(1341, 723, 'g')
iteration 4
(180, 75, 'p')
iteration 5
(1812, 1022, 'g')
iteration 5
(1152, 618, 'g')
iteration 4
(688, 343, 'g')
iteration 5
(1291, 698, 'g')
iteration 4
(1073, 567, 'g')
iteration 4
(1118, 599, 'g')
iteration 4
(966, 495, 'g')
iteration 4
(72, 25, 'p')
iteration 5
(740, 366, 'g')
iteration 4
(1617, 895, 'g')
iteration 5
(925, 471, 'g')
iteration 4
(1198, 644, 'g')
iteration 4
(188, 74, 'p')
iteration 6
(621, 294, 'g')
iteration 5
(1763, 990, 'g')
iteration 5
(188, 74, 'p')
iteration 7
(280, 123, 'g')
iteration 5
(1510, 823, 'g')
iteration 5
(1703, 948, 'g')
iteration 5
(188, 74, 'p')
iteration 8
(188, 74, 'p')
iteration 9
(1243, 667, 'g')
iteration 5
(783, 393, 'g')
iteration 5
(188, 74, 'p')
iteration 10
(1665, 923, 'p')
iteration 5
(188, 74, 'p')
iteration 11
(1536, 847, 'g')
iteration 5
(1743, 971, 'g')
iteration 5
(348, 149, 'p')
iteration 5
(229, 93, 'g')
iteration 5
(1577, 875, 'p')
iteration 5
(188, 74, 'p')
iteration 12
(515, 246, 'g')
iteration 5
(858, 448, 'p')
iteration 5
(188, 74, 'p')
iteration 13
(1449, 799, 'p')
iteration 5
(122, 48, 'p')
iteration 6
(1367, 740, 'g')
iteration 5
(1025, 548, 'g')
iteration 5
(550, 268, 'g')
iteration 5
(655, 322, 'g')
iteration 5
(188, 74, 'p')
iteration 14
(484, 224, 'g')
iteration 5
(408, 174, 'g')
iteration 5
(188, 74, 'p')
[(188, 74, 'p'), (187, 74, 'm'), (187, 74, 'p'), (180, 75, 'p'), (177, 73, 'p'), (175, 73, 'p'), (169, 71, 'g'), (168, 71, 'g')]
time:  36736.9649999
constraint 75
([[0, 0, 0, 0, 0, 0, 0, 0, 1, 1, 1, 0, 0, 0, 0], [0, 0, 0, 0, 0, 0, 0, 0, 0, 0, 1, 0, 0, 0, 0], [0, 0, 0, 0, 1, 0, 0, 0, 0, 0, 1, 0, 0, 0, 0], [0, 0, 0, 0, 1, 0, 1, 1, 0, 0, 0, 0, 0, 0, 0], [0, 0, 1, 0, 0, 0, 0, 1, 0, 0, 0, 0, 0, 1, 0], [0, 0, 0, 0, 0, 0, 0, 0, 0, 0, 0, 0, 0, 1, 0], [1, 1, 0, 0, 0, 0, 0, 0, 0, 0, 0, 0, 0, 0, 0], [0, 0, 0, 0, 0, 0, 0, 0, 0, 0, 0, 0, 0, 0, 1], [0, 0, 0, 0, 0, 0, 0, 0, 0, 0, 0, 0, 0, 0, 0], [0, 0, 0, 0, 0, 0, 0, 0, 0, 0, 0, 0, 0, 0, 0], [0, 0, 0, 0, 0, 0, 0, 0, 0, 0, 0, 0, 0, 0, 0], [0, 0, 0, 0, 0, 0, 0, 1, 0, 0, 0, 0, 0, 0, 0], [0, 0, 1, 1, 0, 0, 0, 0, 0, 0, 0, 0, 0, 0, 0], [0, 0, 1, 1, 0, 0, 0, 0, 0, 1, 1, 0, 0, 0, 0], [0, 0, 0, 0, 0, 0, 0, 0, 0, 1, 1, 0, 0, 0, 0]], 188, 74, 'p')
(824, 421, 'g')
iteration 5
(1341, 723, 'g')
iteration 5
(1812, 1022, 'g')
iteration 6
(1152, 618, 'g')
iteration 5
(688, 343, 'g')
iteration 6
(1291, 698, 'g')
iteration 5
(1073, 567, 'g')
iteration 5
(966, 495, 'g')
iteration 5
(1118, 599, 'g')
iteration 5
(740, 366, 'g')
iteration 5
(1617, 895, 'g')
iteration 6
(925, 471, 'g')
iteration 5
(1198, 644, 'g')
iteration 5
(621, 294, 'g')
iteration 6
(1763, 990, 'g')
iteration 6
(280, 123, 'g')
iteration 6
(72, 25, 'p')
iteration 6
(1404, 768, 'g')
iteration 5
(1510, 823, 'g')
iteration 6
(1703, 948, 'g')
iteration 6
(1540, 849, 'p')
iteration 6
(655, 322, 'g')
iteration 6
(1246, 673, 'p')
iteration 6
(1665, 923, 'p')
iteration 6
(783, 393, 'g')
iteration 6
(444, 200, 'p')
iteration 4
(1665, 923, 'p')
iteration 7
(229, 93, 'g')
iteration 6
(1743, 971, 'g')
iteration 6
(1577, 875, 'p')
iteration 6
(355, 149, 'g')
iteration 6
(515, 246, 'g')
iteration 6
(1665, 923, 'p')
iteration 8
(122, 48, 'p')
iteration 7
(1454, 800, 'g')
iteration 6
(1367, 740, 'g')
iteration 6
(858, 448, 'p')
iteration 6
(1665, 923, 'p')
iteration 9
(1025, 548, 'g')
iteration 6
(550, 268, 'g')
iteration 6
(484, 224, 'g')
iteration 6
(1665, 923, 'p')
iteration 10
(408, 174, 'g')
iteration 6
(824, 421, 'g')
iteration 6
(1341, 723, 'g')
iteration 6
(1665, 923, 'p')
iteration 11
(1815, 1025, 'p')
iteration 7
(1162, 625, 'p')
iteration 6
(688, 343, 'g')
iteration 7
(1291, 698, 'g')
iteration 6
(1073, 567, 'g')
iteration 6
(966, 495, 'g')
iteration 6
(1118, 599, 'g')
iteration 6
(1665, 923, 'p')
iteration 12
(740, 366, 'g')
iteration 6
(931, 474, 'p')
iteration 6
(1617, 895, 'g')
iteration 7
(1665, 923, 'p')
iteration 13
(1201, 646, 'p')
iteration 6
(621, 294, 'g')
iteration 7
(1665, 923, 'p')
iteration 14
(1763, 990, 'g')
iteration 7
(280, 123, 'g')
iteration 7
(1540, 849, 'p')
iteration 7
(1665, 923, 'p')
[(1665, 923, 'p'), (1664, 920, 'g'), (1664, 922, 'p'), (1662, 921, 'g'), (1657, 921, 'p'), (1652, 920, 'g'), (1572, 916, 'g'), (1217, 925, 'r'), (1195, 923, 'r'), (1184, 922, 'r'), (1176, 923, 'r'), (1169, 922, 'r'), (1157, 915, 'r'), (1156, 920, 'r'), (1128, 923, 'r')]
time:  42228.2010002
constraint 925
([[1, 1, 1, 1, 1, 1, 0, 0, 1, 1, 1, 0, 0, 0, 0], [1, 1, 1, 1, 1, 1, 1, 1, 1, 0, 1, 1, 0, 0, 0], [1, 0, 0, 1, 1, 1, 1, 1, 1, 1, 1, 1, 1, 1, 0], [0, 0, 0, 1, 1, 1, 1, 1, 1, 1, 1, 1, 1, 1, 0], [0, 0, 0, 1, 0, 0, 0, 1, 1, 1, 1, 1, 1, 1, 0], [1, 1, 0, 0, 0, 0, 0, 1, 1, 1, 1, 0, 1, 1, 0], [1, 1, 1, 1, 1, 0, 0, 1, 1, 1, 1, 0, 1, 1, 1], [0, 0, 1, 1, 1, 0, 0, 1, 1, 1, 1, 1, 1, 1, 1], [1, 1, 1, 1, 1, 0, 1, 1, 1, 1, 1, 0, 0, 0, 1], [1, 1, 1, 1, 1, 1, 1, 1, 1, 1, 1, 0, 0, 0, 0], [1, 1, 1, 1, 1, 1, 1, 0, 1, 1, 1, 1, 0, 0, 0], [0, 0, 1, 1, 1, 1, 1, 1, 1, 1, 1, 1, 1, 1, 0], [0, 0, 1, 1, 1, 1, 1, 1, 1, 1, 1, 1, 1, 1, 0], [1, 1, 1, 1, 1, 1, 0, 1, 1, 1, 1, 0, 0, 1, 0], [1, 1, 1, 1, 1, 0, 0, 0, 1, 1, 1, 0, 0, 1, 1]], 1665, 923, 'p')
(1404, 768, 'g')
iteration 6
(1510, 823, 'g')
iteration 7
(783, 393, 'g')
iteration 7
(1703, 948, 'g')
iteration 7
(655, 322, 'g')
iteration 7
(1246, 673, 'p')
iteration 7
(229, 93, 'g')
iteration 7
(1743, 971, 'g')
iteration 7
(1577, 875, 'p')
iteration 7
(515, 246, 'g')
iteration 7
(355, 149, 'g')
iteration 7
(122, 48, 'p')
iteration 8
(1454, 800, 'g')
iteration 7
(1367, 740, 'g')
iteration 7
(550, 268, 'g')
iteration 7
(1025, 548, 'g')
iteration 7
(484, 224, 'g')
iteration 7
(863, 448, 'p')
iteration 7
(408, 174, 'g')
iteration 7
(1341, 723, 'g')
iteration 7
(1162, 625, 'p')
iteration 7
(824, 421, 'g')
iteration 7
(784, 400, 'p')
iteration 8
(1815, 1025, 'p')
iteration 8
(688, 343, 'g')
iteration 8
(1291, 698, 'g')
iteration 7
(966, 495, 'g')
iteration 7
(1073, 567, 'g')
iteration 7
(1118, 599, 'g')
iteration 7
(72, 25, 'p')
iteration 7
(740, 366, 'g')
iteration 7
(931, 474, 'p')
iteration 7
(1617, 895, 'g')
iteration 8
(1203, 647, 'g')
iteration 7
(1162, 625, 'p')
iteration 8
(621, 294, 'g')
iteration 8
(1763, 990, 'g')
iteration 8
(280, 123, 'g')
iteration 8
(445, 200, 'p')
iteration 5
(1540, 849, 'p')
iteration 8
(1404, 768, 'g')
iteration 7
(1510, 823, 'g')
iteration 8
(1703, 948, 'g')
iteration 8
(655, 322, 'g')
iteration 8
(1246, 673, 'p')
iteration 8
(229, 93, 'g')
iteration 8
(1743, 971, 'g')
iteration 8
(1577, 875, 'p')
iteration 8
(515, 246, 'g')
iteration 8
(122, 48, 'p')
iteration 9
(1454, 800, 'g')
iteration 8
(1367, 740, 'g')
iteration 8
(550, 268, 'g')
iteration 8
(1025, 548, 'g')
iteration 8
(484, 224, 'g')
iteration 8
(408, 174, 'g')
iteration 8
(1341, 723, 'g')
iteration 8
(824, 421, 'g')
iteration 8
(784, 400, 'p')
iteration 9
(1815, 1025, 'p')
iteration 9
(870, 443, 'g')
iteration 8
(688, 343, 'g')
iteration 9
(1291, 698, 'g')
iteration 8
(966, 495, 'g')
iteration 8
(1073, 567, 'g')
iteration 8
(1118, 599, 'g')
iteration 8
(740, 366, 'g')
iteration 8
(931, 474, 'p')
iteration 8
(1617, 895, 'g')
iteration 9
(1203, 647, 'g')
iteration 8
(1166, 625, 'p')
iteration 9
(621, 294, 'g')
iteration 9
(1763, 990, 'g')
iteration 9
(280, 123, 'g')
iteration 9
(784, 400, 'p')
iteration 10
(1540, 849, 'p')
iteration 9
(1404, 768, 'g')
iteration 8
(1510, 823, 'g')
iteration 9
(1703, 948, 'g')
iteration 9
(655, 322, 'g')
iteration 9
(445, 200, 'p')
iteration 6
(355, 149, 'g')
iteration 8
(784, 400, 'p')
iteration 11
(1253, 674, 'p')
iteration 9
(229, 93, 'g')
iteration 9
(784, 400, 'p')
iteration 12
(1743, 971, 'g')
iteration 9
(1577, 875, 'p')
iteration 9
(515, 246, 'g')
iteration 9
(122, 48, 'p')
iteration 10
(873, 450, 'p')
iteration 9
(784, 400, 'p')
iteration 13
(1454, 800, 'g')
iteration 9
(1367, 740, 'g')
iteration 9
(550, 268, 'g')
iteration 9
(1025, 548, 'g')
iteration 9
(484, 224, 'g')
iteration 9
(408, 174, 'g')
iteration 9
(1341, 723, 'g')
iteration 9
(784, 400, 'p')
iteration 14
(824, 421, 'g')
iteration 9
(1815, 1025, 'p')
iteration 10
(688, 343, 'g')
iteration 10
(72, 25, 'p')
iteration 8
(966, 495, 'g')
iteration 9
(1291, 698, 'g')
iteration 9
(1073, 567, 'g')
iteration 9
(1118, 599, 'g')
iteration 9
(784, 400, 'p')
[(784, 400, 'p'), (783, 393, 'g'), (783, 400, 'p'), (781, 399, 'g'), (773, 397, 'g'), (773, 393, 'm'), (769, 392, 'g'), (758, 393, 'g'), (422, 388, 'r'), (370, 366, 'r'), (361, 394, 'r'), (357, 396, 'r'), (356, 394, 'r'), (352, 395, 'r'), (339, 400, 'r')]
time:  56773.0609999
constraint 400
([[1, 0, 0, 0, 0, 0, 0, 0, 1, 1, 1, 0, 0, 0, 0], [1, 0, 0, 0, 0, 0, 0, 0, 0, 0, 1, 0, 0, 0, 0], [0, 0, 0, 0, 0, 0, 0, 0, 1, 1, 1, 0, 0, 0, 0], [0, 0, 0, 0, 0, 0, 1, 1, 1, 1, 1, 0, 0, 0, 0], [0, 0, 1, 1, 0, 0, 0, 1, 0, 1, 0, 1, 1, 1, 0], [1, 1, 0, 0, 0, 0, 0, 0, 1, 1, 0, 0, 1, 1, 0], [1, 1, 0, 0, 0, 0, 0, 0, 1, 1, 0, 0, 1, 1, 1], [1, 1, 0, 0, 0, 0, 0, 0, 1, 0, 0, 0, 1, 1, 1], [1, 1, 1, 1, 0, 0, 0, 0, 0, 0, 0, 0, 0, 0, 0], [1, 1, 1, 1, 1, 1, 0, 0, 0, 0, 0, 0, 0, 0, 0], [1, 1, 1, 1, 1, 1, 1, 0, 0, 0, 0, 0, 0, 0, 0], [0, 0, 1, 1, 1, 1, 0, 1, 0, 0, 1, 1, 1, 0, 0], [0, 0, 1, 1, 1, 0, 0, 0, 0, 1, 1, 1, 0, 0, 0], [0, 0, 1, 1, 0, 0, 0, 1, 1, 1, 1, 0, 0, 1, 0], [0, 0, 0, 0, 0, 0, 0, 0, 1, 1, 1, 0, 0, 1, 1]], 784, 400, 'p')
(740, 366, 'g')
iteration 9
(931, 474, 'p')
iteration 9
(1617, 895, 'g')
iteration 10
(1166, 625, 'p')
iteration 10
(1208, 649, 'p')
iteration 9
(621, 294, 'g')
iteration 10
(280, 123, 'g')
iteration 10
(1763, 990, 'g')
iteration 10
(1540, 849, 'p')
iteration 10
(1404, 768, 'g')
iteration 9
(1510, 823, 'g')
iteration 10
(1703, 948, 'g')
iteration 10
(873, 450, 'p')
iteration 10
(655, 322, 'g')
iteration 10
(355, 149, 'g')
iteration 9
(881, 450, 'p')
iteration 11
(1253, 674, 'p')
iteration 10
(229, 93, 'g')
iteration 10
(515, 246, 'g')
iteration 10
(1743, 971, 'g')
iteration 10
(1577, 875, 'p')
iteration 10
(122, 48, 'p')
iteration 11
(1454, 800, 'g')
iteration 10
(550, 268, 'g')
iteration 10
(1367, 740, 'g')
iteration 10
(1025, 548, 'g')
iteration 10
(484, 224, 'g')
iteration 10
(408, 174, 'g')
iteration 10
(1341, 723, 'g')
iteration 10
(824, 421, 'g')
iteration 10
(1815, 1025, 'p')
iteration 11
(1208, 649, 'p')
iteration 10
(688, 343, 'g')
iteration 11
(966, 495, 'g')
iteration 10
(1291, 698, 'g')
iteration 10
(1073, 567, 'g')
iteration 10
(1118, 599, 'g')
iteration 10
(1208, 649, 'p')
iteration 11
(740, 366, 'g')
iteration 10
(931, 474, 'p')
iteration 10
(1166, 625, 'p')
iteration 11
(1617, 895, 'g')
iteration 11
(1208, 649, 'p')
iteration 12
(621, 294, 'g')
iteration 11
(280, 123, 'g')
iteration 11
(881, 450, 'p')
iteration 12
(1208, 649, 'p')
iteration 13
(1763, 990, 'g')
iteration 11
(1540, 849, 'p')
iteration 11
(1208, 649, 'p')
iteration 14
(1404, 768, 'g')
iteration 10
(1510, 823, 'g')
iteration 11
(1703, 948, 'g')
iteration 11
(448, 199, 'p')
iteration 7
(655, 322, 'g')
iteration 11
(1208, 649, 'p')
[(1208, 649, 'p'), (1203, 647, 'g'), (1201, 646, 'p'), (1201, 650, 'm'), (1198, 644, 'g'), (1197, 641, 'g'), (1196, 644, 'g'), (1192, 648, 'm'), (1170, 643, 'g'), (717, 630, 'r'), (704, 626, 'r'), (697, 635, 'r'), (689, 632, 'r'), (671, 650, 'r'), (665, 645, 'r')]
time:  62920.257
constraint 650
([[1, 0, 1, 1, 1, 1, 0, 0, 1, 1, 1, 1, 0, 0, 0], [0, 0, 1, 1, 1, 1, 1, 1, 1, 0, 1, 1, 0, 0, 0], [0, 0, 0, 1, 1, 1, 1, 1, 1, 1, 1, 0, 0, 0, 0], [0, 0, 0, 1, 1, 1, 1, 1, 1, 1, 0, 0, 0, 0, 0], [0, 0, 0, 1, 0, 0, 0, 1, 0, 0, 0, 1, 1, 1, 0], [1, 1, 0, 0, 0, 0, 0, 0, 0, 0, 0, 0, 0, 0, 0], [1, 1, 1, 1, 1, 0, 0, 0, 0, 0, 0, 0, 0, 0, 0], [1, 1, 1, 1, 1, 0, 0, 0, 0, 1, 1, 1, 1, 0, 1], [1, 1, 1, 1, 1, 0, 1, 1, 1, 1, 1, 0, 0, 0, 0], [1, 1, 1, 1, 1, 0, 0, 0, 1, 1, 1, 1, 1, 0, 0], [1, 1, 1, 1, 1, 0, 0, 0, 0, 1, 0, 1, 1, 0, 0], [0, 0, 1, 1, 1, 1, 0, 1, 0, 0, 0, 1, 1, 0, 0], [0, 1, 1, 1, 1, 0, 0, 1, 1, 1, 1, 1, 1, 0, 0], [0, 1, 1, 1, 0, 0, 0, 1, 1, 1, 1, 1, 1, 1, 0], [1, 1, 1, 1, 1, 0, 0, 0, 1, 1, 1, 1, 1, 1, 1]], 1208, 649, 'p')
(355, 149, 'g')
iteration 10
(1253, 674, 'p')
iteration 11
(229, 93, 'g')
iteration 11
(515, 246, 'g')
iteration 11
(1577, 875, 'p')
iteration 11
(122, 48, 'p')
iteration 12
(1743, 971, 'g')
iteration 11
(550, 268, 'g')
iteration 11
(1454, 800, 'g')
iteration 11
(484, 224, 'g')
iteration 11
(1367, 740, 'g')
iteration 11
(1025, 548, 'g')
iteration 11
(408, 174, 'g')
iteration 11
(824, 421, 'g')
iteration 11
(1341, 723, 'g')
iteration 11
(72, 25, 'p')
iteration 9
(1815, 1025, 'p')
iteration 12
(688, 343, 'g')
iteration 12
(966, 495, 'g')
iteration 11
(1291, 698, 'g')
iteration 11
(1073, 567, 'g')
iteration 11
(1118, 599, 'g')
iteration 11
(740, 366, 'g')
iteration 11
(931, 474, 'p')
iteration 11
(1166, 625, 'p')
iteration 12
(1617, 895, 'g')
iteration 12
(621, 294, 'g')
iteration 12
(280, 123, 'g')
iteration 12
(881, 450, 'p')
iteration 13
(1763, 990, 'g')
iteration 12
(1540, 849, 'p')
iteration 12
(1404, 768, 'g')
iteration 11
(1510, 823, 'g')
iteration 12
(1703, 948, 'g')
iteration 12
(655, 322, 'g')
iteration 12
(355, 149, 'g')
iteration 11
(1253, 674, 'p')
iteration 12
(229, 93, 'g')
iteration 12
(515, 246, 'g')
iteration 12
(122, 48, 'p')
iteration 13
(1577, 875, 'p')
iteration 12
(1743, 971, 'g')
iteration 12
(550, 268, 'g')
iteration 12
(484, 224, 'g')
iteration 12
(1454, 800, 'g')
iteration 12
(1025, 548, 'g')
iteration 12
(1367, 740, 'g')
iteration 12
(408, 174, 'g')
iteration 12
(824, 421, 'g')
iteration 12
(1341, 723, 'g')
iteration 12
(688, 343, 'g')
iteration 13
(1815, 1025, 'p')
iteration 13
(966, 495, 'g')
iteration 12
(1291, 698, 'g')
iteration 12
(1073, 567, 'g')
iteration 12
(1118, 599, 'g')
iteration 12
(740, 366, 'g')
iteration 12
(931, 474, 'p')
iteration 12
(1166, 625, 'p')
iteration 13
(1617, 895, 'g')
iteration 13
(448, 199, 'p')
iteration 8
(621, 294, 'g')
iteration 13
(280, 123, 'g')
iteration 13
(881, 450, 'p')
iteration 14
(1763, 990, 'g')
iteration 13
(1540, 849, 'p')
iteration 13
(1404, 768, 'g')
iteration 12
(1510, 823, 'g')
iteration 13
(655, 322, 'g')
iteration 13
(355, 149, 'g')
iteration 12
(1703, 948, 'g')
iteration 13
(1253, 674, 'p')
iteration 13
(229, 93, 'g')
iteration 13
(515, 246, 'g')
iteration 13
(122, 48, 'p')
iteration 14
(1577, 875, 'p')
iteration 13
(1743, 971, 'g')
iteration 13
(550, 268, 'g')
iteration 13
(484, 224, 'g')
iteration 13
(1454, 800, 'g')
iteration 13
(1025, 548, 'g')
iteration 13
(1367, 740, 'g')
iteration 13
(408, 174, 'g')
iteration 13
(824, 421, 'g')
iteration 13
(1341, 723, 'g')
iteration 13
(72, 25, 'p')
iteration 10
(688, 343, 'g')
iteration 14
(1815, 1025, 'p')
iteration 14
(966, 495, 'g')
iteration 13
(1073, 567, 'g')
iteration 13
(1291, 698, 'g')
iteration 13
(1118, 599, 'g')
iteration 13
(740, 366, 'g')
iteration 13
(931, 474, 'p')
iteration 13
(1166, 625, 'p')
iteration 14
(1617, 895, 'g')
iteration 14
(448, 199, 'p')
iteration 9
(621, 294, 'g')
iteration 14
(280, 123, 'g')
iteration 14
(881, 450, 'p')
[(881, 450, 'p'), (879, 448, 'g'), (876, 449, 'p'), (873, 450, 'p'), (871, 447, 'p'), (870, 443, 'g'), (863, 448, 'p'), (858, 448, 'p'), (857, 443, 'p'), (857, 442, 'g'), (856, 440, 'g'), (855, 444, 'g'), (855, 439, 'm'), (454, 441, 'r'), (421, 447, 'r')]
time:  76701.471
constraint 450
([[0, 0, 1, 1, 1, 1, 0, 0, 1, 1, 1, 0, 0, 0, 0], [0, 0, 1, 1, 1, 0, 0, 0, 0, 0, 1, 0, 0, 0, 0], [0, 0, 0, 1, 1, 0, 0, 0, 1, 1, 1, 0, 0, 0, 0], [0, 0, 0, 1, 1, 0, 0, 1, 1, 1, 0, 0, 0, 0, 0], [0, 0, 0, 1, 0, 0, 0, 1, 0, 0, 0, 0, 0, 1, 0], [1, 1, 0, 0, 0, 0, 0, 0, 0, 0, 0, 0, 0, 1, 0], [1, 1, 0, 0, 0, 0, 0, 0, 0, 0, 0, 0, 0, 1, 1], [0, 0, 0, 0, 0, 0, 0, 0, 0, 1, 1, 0, 1, 1, 1], [0, 1, 1, 1, 0, 0, 0, 0, 0, 1, 1, 0, 0, 0, 0], [0, 1, 1, 1, 1, 1, 0, 0, 0, 1, 1, 1, 1, 0, 0], [0, 1, 1, 1, 1, 1, 1, 0, 0, 1, 1, 1, 1, 0, 0], [0, 0, 1, 1, 1, 1, 0, 1, 0, 1, 1, 1, 0, 0, 0], [0, 0, 1, 1, 1, 0, 0, 0, 0, 1, 1, 1, 0, 0, 0], [0, 0, 1, 1, 1, 1, 0, 1, 1, 1, 1, 0, 0, 1, 0], [0, 0, 1, 1, 1, 1, 0, 0, 1, 1, 1, 0, 0, 1, 1]], 881, 450, 'p')
(1763, 990, 'g')
iteration 14
(1540, 849, 'p')
iteration 14
(1404, 768, 'g')
iteration 13
(1510, 823, 'g')
iteration 14
(655, 322, 'g')
iteration 14
(355, 149, 'g')
iteration 13
(1703, 948, 'g')
iteration 14
(1253, 674, 'p')
iteration 14
(229, 93, 'g')
iteration 14
(122, 48, 'p')
[(122, 48, 'p'), (120, 48, 'g'), (117, 46, 'g'), (115, 49, 'p'), (113, 44, 'g')]
time:  79343.0119998
constraint 50
([[0, 0, 0, 0, 0, 0, 0, 0, 1, 1, 1, 0, 0, 0, 0], [0, 0, 0, 0, 0, 0, 0, 0, 0, 0, 0, 0, 0, 0, 0], [0, 0, 0, 0, 0, 0, 0, 0, 0, 0, 0, 0, 0, 0, 0], [0, 0, 0, 0, 0, 0, 1, 1, 0, 0, 0, 0, 0, 0, 0], [0, 0, 0, 0, 0, 0, 0, 1, 0, 0, 0, 0, 0, 1, 0], [0, 0, 0, 0, 0, 0, 0, 0, 0, 0, 0, 0, 0, 1, 0], [0, 0, 0, 0, 0, 0, 0, 0, 0, 0, 0, 0, 0, 0, 0], [0, 0, 0, 0, 0, 0, 0, 0, 0, 0, 0, 0, 0, 0, 1], [0, 0, 0, 0, 0, 0, 0, 0, 0, 0, 0, 0, 0, 0, 0], [0, 0, 0, 0, 0, 0, 0, 0, 0, 0, 0, 0, 0, 0, 0], [0, 0, 0, 0, 0, 0, 0, 0, 0, 0, 0, 0, 0, 0, 0], [0, 0, 0, 0, 0, 0, 0, 1, 0, 0, 0, 0, 0, 0, 0], [0, 0, 0, 0, 0, 0, 0, 0, 0, 0, 0, 0, 0, 0, 0], [0, 0, 1, 1, 0, 0, 0, 0, 0, 1, 1, 0, 0, 0, 0], [0, 0, 0, 0, 0, 0, 0, 0, 0, 1, 1, 0, 0, 0, 0]], 122, 48, 'p')
(515, 246, 'g')
iteration 14
(1577, 875, 'p')
iteration 14
(1743, 971, 'g')
iteration 14
(550, 268, 'g')
iteration 14
(484, 224, 'g')
iteration 14
(1025, 548, 'g')
iteration 14
(1454, 800, 'g')
iteration 14
(1367, 740, 'g')
iteration 14
(408, 174, 'g')
iteration 14
(824, 421, 'g')
iteration 14
(1341, 723, 'g')
iteration 14
(688, 343, 'g')
[(688, 343, 'g'), (681, 343, 'g'), (681, 346, 'g'), (679, 348, 'g'), (326, 345, 'r'), (321, 349, 'r'), (320, 343, 'r'), (314, 338, 'r'), (306, 343, 'r'), (306, 346, 'r'), (304, 328, 'r'), (300, 344, 'r'), (299, 328, 'r'), (294, 337, 'r'), (290, 342, 'r')]
time:  80247.3669999
constraint 350
([[0, 0, 0, 0, 0, 0, 0, 0, 1, 1, 1, 0, 0, 0, 0], [0, 0, 0, 0, 0, 0, 0, 0, 0, 0, 1, 0, 0, 0, 0], [0, 0, 0, 0, 1, 0, 0, 0, 1, 1, 1, 0, 0, 1, 1], [0, 0, 0, 1, 1, 0, 1, 1, 1, 1, 1, 0, 0, 1, 1], [0, 0, 1, 1, 0, 0, 0, 1, 1, 1, 0, 0, 0, 1, 1], [1, 1, 0, 0, 0, 0, 0, 1, 1, 1, 0, 0, 0, 0, 0], [1, 1, 0, 0, 0, 0, 0, 0, 0, 0, 0, 0, 0, 0, 0], [1, 1, 0, 0, 0, 0, 0, 0, 0, 0, 0, 0, 0, 0, 1], [1, 1, 1, 1, 0, 0, 0, 0, 0, 0, 0, 0, 0, 0, 0], [1, 1, 1, 1, 1, 1, 0, 0, 0, 0, 0, 0, 0, 0, 0], [1, 1, 1, 1, 1, 1, 1, 0, 0, 0, 0, 0, 0, 0, 0], [0, 0, 1, 1, 1, 1, 0, 1, 0, 0, 0, 0, 0, 0, 0], [0, 0, 1, 1, 1, 0, 0, 0, 0, 1, 1, 0, 0, 0, 0], [0, 0, 1, 1, 0, 0, 0, 1, 1, 1, 1, 0, 0, 0, 0], [0, 0, 0, 0, 0, 0, 0, 0, 1, 1, 1, 0, 0, 0, 0]], 688, 343, 'g')
(1815, 1025, 'p')
[(1815, 1025, 'p'), (1815, 1024, 'g'), (1812, 1022, 'g'), (1812, 1025, 'p'), (1812, 1025, 'p'), (1803, 1020, 'g'), (1802, 1025, 'g'), (1802, 1017, 'm'), (1796, 1013, 'p'), (1763, 1023, 'g'), (1378, 1023, 'r'), (1360, 1010, 'r'), (1352, 1010, 'r'), (1338, 1016, 'r'), (1329, 1006, 'r')]
time:  78975.1700001
constraint 1025
([[1, 1, 1, 1, 1, 1, 0, 0, 1, 1, 1, 0, 0, 0, 0], [1, 1, 1, 1, 1, 1, 1, 1, 1, 0, 1, 1, 0, 0, 0], [1, 0, 0, 1, 1, 1, 1, 1, 1, 1, 1, 1, 1, 1, 1], [1, 0, 0, 1, 1, 1, 1, 1, 1, 1, 1, 1, 1, 1, 1], [1, 1, 1, 1, 1, 1, 1, 1, 1, 1, 1, 1, 1, 1, 1], [1, 1, 1, 1, 1, 1, 0, 1, 1, 1, 1, 1, 1, 1, 0], [1, 1, 1, 1, 1, 0, 0, 1, 1, 1, 1, 1, 1, 1, 1], [0, 1, 1, 1, 1, 0, 0, 1, 1, 1, 1, 1, 1, 1, 1], [1, 1, 1, 1, 1, 0, 1, 0, 0, 1, 1, 1, 1, 1, 1], [1, 1, 1, 1, 1, 1, 0, 0, 0, 1, 1, 1, 1, 1, 1], [1, 1, 1, 1, 1, 1, 1, 0, 0, 0, 0, 1, 1, 0, 0], [0, 0, 1, 1, 1, 1, 1, 1, 0, 0, 0, 1, 1, 1, 0], [0, 1, 1, 1, 1, 1, 1, 1, 1, 1, 1, 1, 0, 1, 0], [0, 1, 1, 1, 1, 1, 0, 1, 1, 1, 1, 0, 0, 1, 0], [1, 1, 1, 1, 1, 0, 0, 0, 1, 1, 1, 0, 0, 1, 1]], 1815, 1025, 'p')
(966, 495, 'g')
iteration 14
(1073, 567, 'g')
iteration 14
(1291, 698, 'g')
iteration 14
(1118, 599, 'g')
iteration 14
(740, 366, 'g')
iteration 14
(931, 474, 'p')
iteration 14
(1166, 625, 'p')
[(1166, 625, 'p'), (1162, 625, 'p'), (1160, 624, 'g'), (1159, 621, 'g'), (1152, 618, 'g'), (1144, 623, 'g'), (1144, 615, 'm'), (1128, 619, 'g'), (1118, 623, 'p'), (666, 613, 'r'), (655, 602, 'r'), (654, 615, 'r'), (648, 613, 'r'), (647, 618, 'r'), (635, 619, 'r')]
time:  80363.9489999
constraint 625
([[1, 0, 1, 1, 1, 0, 0, 0, 1, 1, 1, 0, 0, 0, 0], [0, 0, 1, 1, 1, 1, 1, 1, 1, 1, 1, 0, 0, 0, 0], [0, 0, 0, 1, 1, 1, 1, 1, 1, 1, 1, 0, 0, 0, 0], [0, 0, 0, 1, 1, 1, 1, 1, 1, 1, 0, 0, 0, 0, 0], [0, 0, 0, 1, 0, 0, 0, 1, 0, 0, 0, 1, 1, 1, 0], [1, 1, 0, 0, 0, 0, 0, 0, 0, 0, 0, 0, 0, 0, 0], [1, 1, 1, 1, 1, 0, 0, 0, 0, 0, 0, 0, 0, 0, 0], [1, 1, 1, 1, 1, 0, 0, 0, 0, 0, 1, 1, 1, 0, 0], [1, 1, 1, 1, 1, 0, 1, 1, 1, 1, 1, 0, 0, 0, 0], [1, 1, 1, 1, 1, 0, 0, 0, 1, 1, 1, 1, 1, 0, 0], [1, 1, 1, 1, 1, 0, 0, 0, 0, 1, 0, 1, 1, 0, 0], [0, 0, 1, 1, 1, 1, 0, 1, 0, 0, 0, 1, 1, 0, 0], [0, 1, 1, 1, 1, 0, 0, 1, 1, 1, 1, 1, 1, 0, 0], [0, 1, 1, 1, 0, 0, 0, 1, 1, 1, 1, 1, 1, 1, 0], [1, 1, 1, 1, 0, 0, 0, 0, 1, 1, 1, 1, 1, 1, 1]], 1166, 625, 'p')
(1617, 895, 'g')
[(1617, 895, 'g'), (1614, 893, 'g'), (1606, 895, 'g'), (1600, 897, 'g'), (1595, 898, 'p'), (1535, 895, 'g'), (1515, 900, 'p'), (1145, 877, 'r'), (1137, 890, 'r'), (1110, 889, 'r'), (1107, 900, 'r'), (1095, 894, 'r'), (1088, 872, 'r'), (1080, 893, 'r'), (1066, 887, 'r')]
time:  79820.6040001
constraint 900
([[1, 1, 1, 1, 1, 1, 0, 0, 1, 1, 1, 0, 0, 0, 0], [1, 1, 1, 1, 1, 1, 1, 1, 1, 0, 1, 1, 0, 0, 0], [1, 0, 0, 1, 1, 1, 1, 1, 1, 1, 1, 1, 1, 1, 0], [0, 0, 0, 1, 1, 1, 1, 1, 1, 1, 1, 1, 1, 1, 0], [0, 0, 0, 0, 0, 0, 0, 1, 1, 1, 1, 1, 1, 1, 1], [1, 1, 0, 0, 0, 0, 0, 1, 1, 1, 1, 0, 1, 1, 1], [1, 1, 1, 1, 1, 0, 0, 1, 1, 1, 1, 0, 1, 1, 1], [0, 1, 1, 1, 1, 0, 0, 1, 1, 1, 1, 1, 1, 1, 1], [1, 1, 1, 1, 1, 0, 1, 1, 1, 1, 1, 0, 0, 0, 1], [1, 1, 1, 1, 1, 1, 1, 1, 1, 1, 1, 0, 0, 0, 0], [1, 1, 1, 1, 1, 1, 1, 0, 1, 1, 1, 0, 0, 0, 0], [0, 0, 1, 1, 1, 1, 1, 1, 1, 1, 1, 0, 0, 0, 0], [0, 0, 1, 1, 1, 1, 1, 1, 1, 1, 1, 0, 0, 0, 0], [1, 1, 1, 1, 1, 1, 0, 1, 1, 1, 1, 0, 0, 1, 0], [1, 1, 1, 1, 1, 0, 0, 0, 1, 1, 1, 0, 0, 1, 1]], 1617, 895, 'g')
(448, 199, 'p')
iteration 10
(621, 294, 'g')
[(621, 294, 'g'), (619, 293, 'g'), (601, 294, 'm'), (594, 298, 'p'), (265, 298, 'r'), (256, 297, 'r'), (253, 300, 'r'), (252, 281, 'r'), (252, 294, 'r'), (249, 296, 'r'), (241, 280, 'r'), (240, 299, 'r'), (234, 291, 'r'), (228, 292, 'r'), (226, 287, 'r')]
time:  81180.8860002
constraint 300
([[0, 0, 0, 0, 0, 0, 0, 0, 1, 1, 1, 0, 0, 0, 0], [0, 0, 0, 0, 0, 0, 0, 0, 0, 0, 1, 0, 0, 0, 0], [0, 0, 0, 0, 1, 0, 0, 0, 1, 1, 1, 0, 0, 0, 0], [0, 0, 0, 1, 1, 0, 0, 1, 1, 1, 1, 0, 0, 0, 0], [0, 0, 0, 1, 0, 0, 0, 1, 1, 1, 0, 0, 0, 1, 0], [1, 1, 0, 0, 0, 0, 0, 1, 1, 1, 0, 0, 0, 1, 0], [1, 1, 0, 0, 0, 0, 0, 1, 1, 1, 1, 0, 0, 1, 1], [0, 0, 0, 0, 0, 0, 0, 1, 1, 1, 1, 0, 0, 0, 1], [1, 1, 1, 1, 0, 0, 0, 0, 0, 1, 1, 0, 0, 0, 1], [1, 1, 0, 0, 0, 0, 0, 0, 0, 1, 1, 0, 0, 0, 1], [0, 0, 0, 0, 0, 1, 1, 0, 0, 0, 0, 0, 0, 0, 0], [0, 0, 0, 1, 0, 1, 0, 1, 0, 0, 0, 0, 0, 0, 0], [0, 0, 1, 1, 0, 0, 0, 0, 0, 1, 1, 0, 0, 0, 0], [0, 0, 1, 1, 0, 0, 0, 1, 1, 1, 1, 0, 0, 0, 0], [0, 0, 0, 0, 0, 0, 0, 0, 1, 1, 1, 0, 0, 0, 0]], 621, 294, 'g')
(280, 123, 'g')
[(280, 123, 'g'), (276, 114, 'g'), (275, 124, 'p'), (272, 119, 'p'), (264, 114, 'g')]
time:  81637.7679999
constraint 125
([[0, 0, 0, 0, 0, 0, 0, 0, 1, 1, 1, 0, 0, 0, 0], [0, 0, 0, 0, 0, 0, 0, 0, 0, 0, 1, 0, 0, 0, 0], [0, 0, 0, 0, 1, 0, 0, 0, 0, 1, 1, 0, 0, 0, 0], [0, 0, 0, 1, 1, 0, 1, 1, 0, 1, 1, 0, 0, 0, 0], [0, 0, 0, 1, 0, 0, 0, 1, 0, 0, 0, 1, 1, 1, 0], [0, 0, 0, 0, 0, 0, 0, 0, 0, 0, 0, 0, 1, 1, 0], [0, 0, 0, 0, 0, 0, 0, 0, 0, 0, 0, 0, 0, 0, 0], [0, 0, 0, 0, 0, 0, 0, 0, 0, 0, 0, 0, 0, 0, 1], [0, 0, 0, 0, 0, 0, 0, 0, 0, 0, 0, 0, 0, 0, 0], [0, 0, 0, 0, 0, 0, 0, 0, 0, 0, 0, 0, 0, 0, 0], [0, 0, 0, 0, 0, 0, 0, 0, 0, 0, 0, 0, 0, 0, 0], [0, 0, 0, 0, 0, 0, 0, 1, 0, 0, 0, 0, 0, 0, 0], [0, 0, 0, 0, 0, 0, 0, 0, 0, 1, 1, 0, 0, 0, 0], [0, 0, 1, 1, 0, 0, 0, 1, 1, 1, 1, 0, 0, 0, 0], [0, 0, 0, 0, 0, 0, 0, 0, 1, 1, 1, 0, 0, 0, 0]], 280, 123, 'g')
(1763, 990, 'g')
[(1763, 990, 'g'), (1762, 991, 'g'), (1757, 992, 'm'), (1689, 1000, 'g'), (1333, 997, 'r'), (1327, 995, 'r'), (1326, 986, 'r'), (1314, 998, 'r'), (1299, 998, 'r'), (1299, 994, 'r'), (1299, 1000, 'r'), (1297, 992, 'r'), (1294, 982, 'r'), (1293, 1000, 'r'), (1283, 993, 'r')]
time:  80146.4979999
constraint 1000
([[1, 0, 1, 1, 1, 1, 0, 0, 1, 1, 1, 0, 0, 0, 0], [0, 0, 1, 1, 1, 1, 1, 1, 1, 0, 1, 1, 0, 0, 0], [0, 0, 0, 1, 1, 1, 1, 1, 1, 1, 1, 1, 1, 1, 0], [0, 0, 0, 1, 1, 1, 1, 1, 1, 1, 1, 1, 1, 1, 0], [0, 0, 0, 1, 1, 1, 1, 1, 1, 1, 1, 1, 1, 1, 1], [1, 1, 0, 1, 1, 1, 0, 1, 1, 1, 1, 0, 1, 1, 1], [1, 1, 1, 1, 1, 0, 0, 1, 1, 1, 1, 0, 1, 1, 1], [0, 1, 1, 1, 1, 0, 0, 1, 1, 1, 1, 1, 1, 0, 1], [1, 1, 1, 1, 1, 0, 1, 0, 1, 1, 1, 0, 0, 0, 1], [1, 1, 1, 1, 1, 1, 1, 0, 1, 1, 1, 1, 1, 0, 0], [1, 1, 1, 1, 1, 1, 1, 0, 1, 1, 1, 1, 1, 0, 0], [0, 0, 1, 1, 1, 1, 1, 1, 1, 1, 1, 1, 1, 0, 0], [0, 1, 1, 1, 1, 1, 1, 1, 1, 1, 1, 1, 1, 0, 0], [0, 1, 1, 1, 1, 1, 0, 1, 1, 1, 1, 1, 1, 1, 0], [1, 1, 1, 1, 1, 0, 0, 0, 1, 1, 1, 1, 1, 1, 1]], 1763, 990, 'g')
(1540, 849, 'p')
[(1540, 849, 'p'), (1536, 847, 'g'), (1536, 845, 'g'), (1536, 849, 'p'), (1532, 850, 'g'), (1532, 844, 'm'), (1509, 845, 'g'), (1491, 848, 'p'), (1057, 849, 'r'), (1054, 849, 'r'), (1040, 848, 'r'), (1018, 847, 'r'), (1009, 847, 'r'), (1005, 840, 'r'), (1004, 840, 'r')]
time:  80658.2679999
constraint 850
([[1, 0, 0, 0, 0, 0, 0, 0, 1, 1, 1, 0, 0, 0, 0], [1, 0, 0, 0, 0, 0, 0, 1, 1, 1, 1, 0, 0, 0, 0], [1, 0, 0, 0, 1, 0, 1, 1, 1, 1, 1, 0, 0, 0, 0], [1, 0, 0, 1, 1, 1, 1, 1, 1, 1, 1, 0, 0, 0, 0], [1, 1, 1, 1, 1, 1, 1, 1, 1, 1, 1, 1, 1, 1, 1], [1, 1, 1, 1, 1, 1, 0, 1, 1, 1, 1, 1, 1, 1, 0], [1, 1, 1, 1, 1, 0, 0, 1, 1, 1, 1, 1, 1, 1, 1], [0, 1, 1, 1, 1, 0, 0, 1, 1, 1, 1, 1, 1, 1, 1], [1, 1, 1, 1, 1, 0, 0, 0, 1, 1, 1, 0, 0, 0, 1], [1, 1, 1, 1, 1, 1, 0, 0, 1, 1, 1, 1, 1, 0, 0], [1, 1, 1, 1, 1, 1, 1, 0, 1, 1, 1, 1, 1, 0, 0], [0, 0, 1, 1, 1, 1, 1, 1, 1, 1, 1, 1, 1, 1, 0], [0, 0, 1, 1, 1, 1, 1, 1, 1, 1, 1, 1, 0, 1, 0], [0, 0, 1, 1, 0, 1, 0, 1, 1, 1, 1, 0, 0, 1, 0], [0, 0, 0, 0, 0, 0, 0, 0, 1, 1, 1, 0, 0, 1, 1]], 1540, 849, 'p')
(1404, 768, 'g')
iteration 14
(1510, 823, 'g')
[(1510, 823, 'g'), (1495, 824, 'g'), (1486, 819, 'g'), (1485, 817, 'g'), (1472, 822, 'g'), (1445, 823, 'p'), (1004, 818, 'r'), (1003, 822, 'r'), (998, 786, 'r'), (993, 812, 'r'), (979, 821, 'r'), (978, 819, 'r'), (968, 818, 'r'), (962, 817, 'r'), (954, 810, 'r')]
time:  80808.5549998
constraint 825
([[1, 1, 1, 1, 0, 0, 0, 0, 1, 1, 1, 0, 0, 0, 0], [1, 1, 1, 1, 1, 1, 1, 1, 1, 1, 1, 0, 0, 0, 0], [1, 0, 0, 1, 1, 1, 1, 1, 1, 1, 1, 0, 0, 0, 0], [0, 0, 0, 1, 1, 1, 1, 1, 1, 1, 0, 0, 0, 0, 0], [0, 1, 1, 1, 0, 0, 0, 1, 1, 1, 0, 1, 1, 1, 0], [1, 1, 1, 1, 0, 0, 0, 1, 1, 1, 0, 0, 0, 1, 0], [1, 1, 1, 1, 1, 0, 0, 1, 1, 1, 1, 1, 1, 1, 1], [0, 1, 1, 1, 1, 0, 0, 1, 1, 1, 1, 1, 1, 0, 1], [1, 1, 1, 1, 1, 0, 1, 1, 1, 1, 1, 0, 0, 0, 1], [1, 1, 1, 1, 1, 1, 1, 1, 1, 1, 1, 1, 1, 0, 0], [1, 1, 1, 1, 1, 1, 1, 0, 0, 1, 0, 1, 1, 0, 0], [0, 0, 1, 1, 1, 1, 1, 1, 0, 0, 0, 1, 1, 0, 0], [0, 0, 1, 1, 1, 1, 1, 1, 1, 1, 1, 1, 1, 0, 0], [0, 0, 1, 1, 0, 1, 0, 1, 1, 1, 1, 1, 1, 1, 0], [1, 0, 0, 0, 0, 0, 0, 0, 1, 1, 1, 1, 1, 1, 1]], 1510, 823, 'g')
(355, 149, 'g')
iteration 14
(655, 322, 'g')
[(655, 322, 'g'), (640, 324, 'p'), (639, 325, 'g'), (639, 323, 'm'), (628, 316, 'g'), (599, 324, 'p'), (302, 317, 'r'), (286, 321, 'r'), (278, 322, 'r'), (276, 303, 'r'), (272, 313, 'r'), (271, 319, 'r'), (263, 305, 'r'), (253, 321, 'r'), (248, 325, 'r')]
time:  81850.2870002
constraint 325
([[0, 0, 0, 0, 0, 0, 0, 0, 1, 1, 1, 0, 0, 0, 0], [0, 0, 0, 0, 0, 0, 0, 1, 1, 1, 1, 0, 0, 0, 0], [0, 0, 0, 0, 0, 0, 1, 1, 1, 1, 1, 0, 0, 1, 1], [0, 0, 0, 0, 0, 0, 1, 1, 1, 1, 0, 0, 0, 1, 1], [0, 0, 0, 0, 0, 0, 0, 1, 0, 0, 0, 1, 1, 1, 1], [1, 1, 0, 0, 0, 0, 0, 0, 0, 1, 0, 0, 1, 1, 0], [1, 1, 1, 1, 1, 0, 0, 0, 0, 1, 0, 0, 1, 1, 1], [1, 1, 1, 1, 1, 0, 0, 0, 0, 1, 1, 0, 1, 1, 1], [1, 1, 1, 1, 0, 0, 0, 0, 0, 1, 1, 0, 0, 0, 0], [1, 1, 0, 0, 0, 0, 0, 0, 0, 1, 1, 0, 0, 0, 0], [0, 0, 0, 0, 0, 0, 0, 0, 0, 0, 0, 0, 0, 0, 0], [0, 0, 0, 0, 0, 0, 0, 1, 0, 0, 0, 0, 0, 0, 0], [0, 0, 0, 0, 0, 0, 0, 1, 1, 1, 0, 0, 0, 0, 0], [0, 0, 1, 1, 0, 0, 0, 1, 1, 1, 1, 0, 0, 0, 0], [0, 0, 0, 0, 0, 0, 0, 0, 1, 1, 1, 0, 0, 0, 0]], 655, 322, 'g')
(1703, 948, 'g')
[(1703, 948, 'g'), (1702, 943, 'g'), (1698, 948, 'p'), (1689, 949, 'm'), (1629, 945, 'g'), (1237, 943, 'r'), (1219, 946, 'r'), (1210, 949, 'r'), (1209, 941, 'r'), (1203, 949, 'r'), (1200, 947, 'r'), (1191, 950, 'r'), (1185, 945, 'r'), (1185, 947, 'r'), (1170, 934, 'r')]
time:  80701.704
constraint 950
([[1, 1, 1, 1, 1, 1, 0, 0, 1, 1, 1, 0, 0, 0, 0], [1, 1, 1, 1, 1, 1, 1, 1, 1, 1, 1, 0, 0, 0, 0], [1, 0, 0, 1, 1, 1, 1, 1, 1, 1, 1, 0, 0, 1, 1], [0, 0, 0, 1, 1, 1, 1, 1, 1, 1, 1, 0, 0, 1, 1], [0, 1, 1, 1, 0, 0, 0, 1, 1, 1, 1, 1, 1, 1, 1], [1, 1, 1, 1, 0, 0, 0, 1, 1, 1, 1, 1, 1, 1, 1], [1, 1, 1, 1, 1, 0, 0, 1, 1, 1, 1, 1, 1, 1, 1], [0, 1, 1, 1, 1, 0, 0, 1, 1, 1, 1, 1, 1, 1, 1], [1, 1, 1, 1, 1, 0, 1, 1, 1, 1, 1, 1, 0, 0, 1], [1, 1, 1, 1, 1, 1, 1, 1, 1, 1, 1, 0, 0, 0, 0], [1, 1, 1, 1, 1, 1, 1, 0, 1, 1, 1, 1, 0, 0, 0], [0, 0, 1, 1, 1, 1, 1, 1, 1, 1, 1, 1, 0, 0, 0], [0, 0, 1, 1, 1, 1, 1, 1, 1, 1, 1, 1, 0, 0, 0], [1, 1, 1, 1, 1, 1, 0, 1, 1, 1, 1, 0, 0, 0, 0], [1, 1, 1, 1, 1, 0, 0, 0, 1, 1, 1, 0, 0, 0, 1]], 1703, 948, 'g')
(229, 93, 'g')
[(229, 93, 'g'), (228, 97, 'g'), (220, 97, 'g'), (220, 94, 'm')]
time:  82738.832
constraint 100
([[0, 0, 0, 0, 0, 0, 0, 0, 1, 1, 1, 0, 0, 0, 0], [0, 0, 0, 0, 0, 0, 0, 0, 0, 0, 1, 0, 0, 0, 0], [0, 0, 0, 0, 0, 0, 0, 0, 1, 1, 1, 0, 0, 0, 0], [0, 0, 0, 0, 0, 0, 1, 1, 1, 1, 0, 0, 0, 0, 0], [0, 0, 0, 0, 0, 0, 0, 1, 0, 0, 0, 0, 0, 1, 0], [0, 0, 0, 0, 0, 0, 0, 0, 0, 0, 0, 0, 0, 1, 0], [0, 0, 0, 0, 0, 0, 0, 0, 0, 0, 0, 0, 0, 0, 0], [0, 0, 0, 0, 0, 0, 0, 0, 0, 0, 0, 0, 0, 0, 0], [0, 0, 0, 0, 0, 0, 0, 0, 0, 0, 0, 0, 0, 0, 0], [0, 0, 0, 0, 0, 0, 0, 0, 0, 0, 0, 0, 0, 0, 0], [0, 0, 0, 0, 0, 0, 0, 0, 0, 0, 0, 0, 0, 0, 0], [0, 0, 0, 0, 0, 0, 0, 1, 0, 0, 0, 0, 0, 0, 0], [0, 0, 0, 0, 0, 0, 0, 0, 0, 1, 1, 0, 0, 0, 0], [0, 0, 1, 1, 0, 0, 0, 1, 1, 1, 1, 0, 0, 0, 0], [0, 0, 0, 0, 0, 0, 0, 0, 1, 1, 1, 0, 0, 0, 0]], 229, 93, 'g')
(1253, 674, 'p')
[(1253, 674, 'p'), (1247, 669, 'g'), (1246, 673, 'p'), (1246, 668, 'g'), (1245, 671, 'g'), (1243, 667, 'g'), (1243, 671, 'g'), (1238, 664, 'g'), (1229, 666, 'g'), (1213, 668, 'g'), (1204, 669, 'p'), (770, 664, 'r'), (733, 660, 'r'), (728, 674, 'r'), (707, 671, 'r')]
time:  81567.2900002
constraint 675
([[1, 0, 1, 1, 1, 1, 0, 0, 1, 1, 1, 0, 0, 0, 0], [1, 0, 1, 1, 1, 0, 0, 1, 1, 1, 1, 0, 0, 0, 0], [0, 0, 0, 1, 1, 0, 1, 1, 1, 1, 1, 0, 0, 0, 0], [0, 0, 0, 1, 1, 1, 1, 1, 1, 1, 0, 0, 0, 0, 0], [0, 0, 0, 0, 0, 0, 0, 1, 1, 1, 0, 1, 1, 1, 0], [1, 1, 0, 0, 0, 0, 0, 1, 1, 1, 0, 0, 0, 1, 0], [1, 1, 0, 0, 0, 0, 0, 1, 1, 1, 1, 1, 0, 1, 1], [1, 1, 0, 0, 0, 0, 0, 1, 1, 1, 1, 1, 1, 1, 1], [1, 1, 1, 1, 0, 0, 1, 1, 1, 1, 1, 0, 0, 0, 0], [1, 1, 1, 1, 1, 1, 1, 1, 1, 1, 1, 1, 1, 0, 0], [1, 1, 1, 1, 1, 1, 1, 0, 0, 1, 1, 1, 1, 0, 0], [0, 0, 1, 1, 1, 1, 0, 1, 0, 1, 1, 1, 0, 0, 0], [0, 0, 1, 1, 1, 0, 0, 0, 0, 1, 1, 1, 0, 0, 0], [0, 0, 1, 1, 0, 0, 0, 1, 1, 1, 1, 1, 0, 0, 0], [0, 0, 1, 1, 1, 0, 0, 0, 1, 1, 1, 1, 1, 1, 1]], 1253, 674, 'p')
(515, 246, 'g')
[(515, 246, 'g'), (513, 247, 'g'), (512, 243, 'g'), (500, 236, 'p'), (206, 248, 'r'), (203, 236, 'r'), (202, 247, 'r'), (200, 248, 'r'), (197, 250, 'r'), (196, 230, 'r'), (191, 250, 'r'), (189, 249, 'r'), (187, 222, 'r'), (183, 246, 'r'), (183, 250, 'r')]
time:  82628.6240001
constraint 250
([[0, 0, 0, 0, 0, 0, 0, 0, 1, 1, 1, 0, 0, 0, 0], [0, 0, 0, 0, 0, 0, 0, 1, 1, 1, 1, 0, 0, 0, 0], [0, 0, 0, 0, 1, 0, 1, 1, 1, 1, 1, 0, 0, 0, 0], [0, 0, 0, 1, 1, 1, 1, 1, 1, 1, 1, 0, 0, 0, 0], [0, 0, 1, 1, 0, 0, 0, 1, 0, 0, 0, 0, 0, 1, 0], [0, 0, 0, 0, 0, 0, 0, 0, 0, 0, 0, 0, 0, 1, 0], [0, 0, 0, 0, 0, 0, 0, 0, 0, 0, 0, 0, 0, 1, 1], [0, 0, 0, 0, 0, 0, 0, 0, 0, 1, 0, 0, 1, 1, 1], [1, 1, 0, 0, 0, 0, 0, 0, 0, 1, 0, 0, 0, 1, 1], [1, 1, 0, 0, 0, 0, 0, 0, 0, 1, 0, 0, 0, 0, 1], [0, 0, 0, 0, 0, 0, 0, 0, 0, 1, 0, 0, 0, 0, 0], [0, 0, 0, 0, 0, 0, 0, 1, 0, 0, 0, 1, 0, 0, 0], [0, 0, 0, 0, 0, 0, 0, 0, 0, 1, 1, 1, 0, 0, 0], [0, 0, 1, 1, 0, 0, 0, 1, 1, 1, 1, 0, 0, 0, 0], [0, 0, 0, 0, 0, 0, 0, 0, 1, 1, 1, 0, 0, 0, 0]], 515, 246, 'g')
(1577, 875, 'p')
[(1577, 875, 'p'), (1570, 870, 'g'), (1566, 872, 'g'), (1566, 874, 'g'), (1558, 863, 'p'), (1518, 870, 'g'), (1086, 871, 'r'), (1082, 868, 'r'), (1076, 871, 'r'), (1074, 865, 'r'), (1059, 868, 'r'), (1055, 875, 'r'), (1050, 872, 'r'), (1045, 873, 'r'), (1041, 875, 'r')]
time:  81527.1340001
constraint 875
([[1, 1, 1, 1, 0, 0, 0, 0, 1, 1, 1, 0, 0, 0, 0], [1, 1, 1, 1, 1, 1, 1, 1, 1, 1, 1, 0, 0, 0, 0], [1, 0, 0, 1, 1, 1, 1, 1, 1, 1, 1, 0, 0, 1, 1], [1, 0, 0, 1, 1, 1, 1, 1, 1, 1, 1, 0, 0, 1, 1], [1, 1, 1, 1, 1, 1, 1, 1, 1, 1, 0, 0, 0, 1, 1], [1, 1, 1, 1, 1, 1, 0, 1, 1, 1, 0, 0, 0, 1, 1], [1, 1, 1, 1, 1, 0, 0, 1, 1, 1, 1, 0, 0, 0, 1], [1, 1, 1, 1, 1, 0, 0, 1, 1, 1, 1, 0, 0, 0, 1], [1, 1, 1, 1, 1, 0, 1, 1, 1, 1, 1, 0, 0, 0, 0], [1, 1, 1, 1, 1, 1, 1, 1, 1, 1, 1, 1, 1, 0, 0], [1, 1, 1, 1, 1, 1, 1, 0, 1, 1, 1, 1, 1, 0, 0], [0, 0, 1, 1, 1, 1, 0, 1, 1, 1, 1, 1, 1, 1, 0], [0, 0, 1, 1, 1, 0, 0, 1, 1, 1, 1, 1, 0, 1, 0], [0, 0, 1, 1, 0, 0, 0, 1, 1, 1, 1, 0, 0, 1, 0], [1, 0, 0, 1, 0, 0, 0, 0, 1, 1, 1, 0, 0, 1, 1]], 1577, 875, 'p')
(1743, 971, 'g')
[(1743, 971, 'g'), (1738, 969, 'g'), (1726, 967, 'g'), (1725, 974, 'm'), (1725, 960, 'p'), (1664, 966, 'g'), (1269, 958, 'r'), (1267, 972, 'r'), (1256, 968, 'r'), (1255, 957, 'r'), (1251, 952, 'r'), (1232, 939, 'r'), (1228, 967, 'r'), (1220, 975, 'r'), (1214, 960, 'r')]
time:  81356.003
constraint 975
([[1, 1, 1, 1, 1, 1, 0, 0, 1, 1, 1, 0, 0, 0, 0], [1, 1, 1, 1, 1, 1, 1, 1, 1, 1, 1, 0, 0, 0, 0], [1, 0, 0, 1, 1, 1, 1, 1, 1, 1, 1, 0, 0, 1, 1], [0, 0, 0, 1, 1, 1, 1, 1, 1, 1, 1, 0, 0, 1, 1], [0, 1, 1, 1, 0, 0, 0, 1, 1, 1, 1, 1, 1, 1, 1], [1, 1, 1, 1, 0, 0, 0, 1, 1, 1, 1, 1, 1, 1, 0], [1, 1, 1, 1, 1, 0, 0, 1, 1, 1, 1, 1, 1, 1, 1], [0, 1, 1, 1, 1, 0, 0, 1, 1, 1, 1, 1, 1, 1, 1], [1, 1, 1, 1, 1, 0, 1, 1, 1, 1, 1, 1, 1, 1, 1], [1, 1, 1, 1, 1, 1, 1, 1, 1, 1, 1, 1, 1, 0, 0], [1, 1, 1, 1, 1, 1, 1, 0, 1, 1, 1, 1, 0, 0, 0], [0, 0, 1, 1, 1, 1, 1, 1, 1, 1, 1, 1, 0, 0, 0], [0, 0, 1, 1, 1, 1, 1, 1, 1, 1, 1, 1, 0, 0, 0], [1, 1, 1, 1, 1, 1, 0, 1, 1, 1, 1, 0, 0, 0, 0], [1, 1, 1, 1, 1, 0, 0, 0, 1, 1, 1, 0, 0, 0, 1]], 1743, 971, 'g')
(550, 268, 'g')
[(550, 268, 'g'), (549, 270, 'g'), (544, 268, 'g'), (542, 267, 'g'), (527, 270, 'p'), (256, 275, 'r'), (234, 266, 'r'), (229, 274, 'r'), (228, 275, 'r'), (228, 270, 'r'), (213, 274, 'r'), (213, 269, 'r'), (205, 253, 'r'), (203, 270, 'r'), (197, 266, 'r')]
time:  82901.085
constraint 275
([[0, 0, 0, 0, 0, 0, 0, 0, 1, 1, 1, 0, 0, 0, 0], [0, 0, 0, 0, 0, 0, 0, 1, 1, 1, 1, 0, 0, 0, 0], [0, 0, 0, 0, 1, 0, 1, 1, 1, 1, 1, 0, 0, 0, 0], [0, 0, 0, 1, 1, 1, 1, 1, 1, 1, 0, 0, 0, 0, 0], [0, 0, 0, 1, 0, 0, 0, 1, 0, 0, 0, 0, 0, 1, 0], [0, 0, 0, 0, 0, 0, 0, 1, 1, 0, 0, 0, 0, 1, 0], [0, 0, 0, 0, 0, 0, 0, 1, 1, 1, 0, 0, 0, 0, 0], [0, 0, 0, 0, 0, 0, 0, 1, 1, 1, 1, 0, 0, 0, 1], [0, 0, 0, 0, 0, 0, 0, 0, 1, 1, 1, 0, 0, 0, 0], [0, 0, 0, 0, 0, 0, 0, 0, 1, 1, 1, 0, 0, 0, 0], [0, 0, 0, 0, 0, 0, 0, 0, 0, 1, 0, 0, 0, 0, 0], [0, 0, 0, 1, 0, 0, 0, 1, 0, 0, 0, 0, 0, 0, 0], [0, 0, 1, 1, 0, 0, 0, 1, 1, 1, 1, 0, 0, 0, 0], [0, 0, 1, 1, 0, 0, 0, 1, 1, 1, 1, 0, 0, 0, 0], [0, 0, 0, 0, 0, 0, 0, 0, 1, 1, 1, 0, 0, 0, 0]], 550, 268, 'g')
(484, 224, 'g')
[(484, 224, 'g'), (473, 216, 'g'), (471, 219, 'm'), (466, 217, 'g'), (181, 213, 'r'), (178, 219, 'r'), (176, 225, 'r'), (176, 216, 'r'), (170, 221, 'r'), (169, 223, 'r'), (167, 225, 'r'), (167, 223, 'r'), (166, 221, 'r'), (165, 220, 'r'), (156, 212, 'r')]
time:  83036.993
constraint 225
([[0, 0, 0, 0, 0, 0, 0, 0, 1, 1, 1, 0, 0, 0, 0], [0, 0, 0, 0, 0, 0, 0, 1, 1, 1, 1, 0, 0, 0, 0], [0, 0, 0, 0, 1, 0, 1, 1, 1, 1, 1, 0, 0, 0, 0], [0, 0, 0, 1, 1, 1, 1, 1, 1, 1, 0, 0, 0, 0, 0], [0, 0, 0, 1, 0, 0, 0, 1, 0, 0, 0, 1, 1, 1, 0], [1, 1, 0, 0, 0, 0, 0, 0, 0, 0, 0, 0, 0, 1, 0], [1, 1, 0, 0, 0, 0, 0, 0, 0, 0, 0, 0, 0, 0, 0], [0, 0, 0, 0, 0, 0, 0, 0, 0, 0, 0, 0, 1, 1, 1], [1, 1, 1, 1, 0, 0, 0, 0, 0, 0, 0, 0, 0, 0, 1], [1, 1, 0, 0, 0, 0, 0, 0, 0, 0, 0, 0, 0, 0, 1], [0, 0, 0, 0, 0, 0, 0, 0, 0, 0, 0, 0, 0, 0, 0], [0, 0, 0, 0, 0, 0, 0, 1, 0, 0, 0, 0, 0, 0, 0], [0, 0, 0, 0, 0, 0, 0, 0, 0, 1, 1, 0, 0, 0, 0], [0, 0, 1, 1, 0, 0, 0, 1, 1, 1, 1, 0, 0, 0, 0], [0, 0, 0, 0, 0, 0, 0, 0, 1, 1, 1, 0, 0, 0, 0]], 484, 224, 'g')
(1025, 548, 'g')
[(1025, 548, 'g'), (1023, 544, 'g'), (1023, 547, 'g'), (1022, 540, 'm'), (1010, 545, 'g'), (592, 544, 'r'), (583, 547, 'r'), (565, 541, 'r'), (561, 548, 'r'), (558, 541, 'r'), (557, 544, 'r'), (552, 548, 'r'), (552, 547, 'r'), (547, 534, 'r'), (534, 526, 'r')]
time:  82441.8759999
constraint 550
([[0, 0, 1, 1, 1, 0, 0, 0, 1, 1, 1, 0, 0, 0, 0], [0, 0, 1, 1, 1, 0, 0, 0, 0, 0, 1, 0, 0, 0, 0], [0, 0, 0, 1, 1, 0, 0, 0, 0, 0, 1, 0, 0, 0, 0], [0, 0, 0, 1, 1, 0, 0, 1, 1, 1, 0, 0, 0, 0, 0], [0, 0, 0, 0, 0, 0, 0, 1, 1, 1, 0, 1, 1, 1, 0], [1, 1, 0, 0, 0, 0, 0, 1, 1, 1, 1, 1, 1, 0, 0], [1, 1, 1, 1, 1, 0, 0, 1, 1, 1, 1, 1, 1, 0, 0], [1, 1, 1, 1, 1, 0, 0, 1, 1, 1, 1, 1, 1, 0, 0], [1, 1, 1, 1, 1, 0, 0, 0, 0, 1, 1, 0, 0, 0, 0], [1, 1, 1, 1, 1, 1, 0, 0, 0, 1, 1, 0, 0, 0, 0], [1, 1, 1, 1, 1, 1, 1, 0, 0, 0, 0, 0, 0, 0, 0], [0, 0, 1, 1, 1, 1, 1, 1, 0, 0, 0, 1, 0, 0, 0], [0, 1, 1, 1, 1, 0, 0, 0, 0, 0, 0, 1, 0, 0, 0], [0, 1, 1, 1, 0, 0, 0, 1, 1, 1, 1, 1, 0, 0, 0], [0, 1, 1, 1, 0, 0, 0, 0, 1, 1, 1, 1, 0, 0, 0]], 1025, 548, 'g')
(1454, 800, 'g')
[(1454, 800, 'g'), (1453, 800, 'p'), (1449, 799, 'p'), (1448, 798, 'g'), (1445, 793, 'g'), (1438, 798, 'g'), (1436, 790, 'g'), (1418, 792, 'g'), (983, 787, 'r'), (943, 787, 'r'), (932, 787, 'r'), (930, 800, 'r'), (926, 797, 'r'), (917, 789, 'r'), (909, 761, 'r')]
time:  81940.5090001
constraint 800
([[1, 1, 1, 1, 1, 1, 0, 0, 1, 1, 1, 0, 0, 0, 0], [1, 1, 1, 1, 1, 1, 1, 1, 1, 1, 1, 0, 0, 0, 0], [1, 0, 0, 1, 1, 1, 1, 1, 1, 1, 1, 0, 0, 0, 0], [0, 0, 0, 1, 1, 1, 1, 1, 1, 1, 0, 0, 0, 0, 0], [0, 1, 1, 1, 0, 0, 0, 1, 1, 1, 0, 0, 0, 1, 0], [1, 1, 1, 1, 0, 0, 0, 1, 1, 1, 0, 0, 0, 1, 0], [1, 1, 1, 1, 1, 1, 1, 1, 1, 1, 1, 1, 1, 1, 1], [1, 1, 1, 1, 1, 1, 1, 1, 1, 1, 1, 1, 1, 1, 1], [1, 1, 1, 1, 1, 0, 1, 1, 1, 1, 1, 1, 1, 0, 0], [1, 1, 1, 1, 1, 1, 1, 1, 1, 1, 1, 1, 1, 0, 0], [1, 1, 1, 1, 1, 1, 1, 0, 0, 0, 0, 1, 1, 0, 0], [0, 0, 1, 1, 1, 1, 0, 1, 0, 0, 0, 1, 1, 0, 0], [0, 0, 1, 1, 1, 0, 0, 0, 0, 1, 1, 1, 0, 0, 0], [0, 0, 1, 1, 0, 0, 0, 1, 1, 1, 1, 0, 0, 0, 0], [0, 0, 0, 1, 1, 0, 0, 0, 1, 1, 1, 0, 0, 0, 0]], 1454, 800, 'g')
(1367, 740, 'g')
[(1367, 740, 'g'), (1359, 743, 'g'), (1338, 742, 'm'), (1293, 745, 'g'), (880, 742, 'r'), (879, 732, 'r'), (874, 741, 'r'), (864, 749, 'r'), (857, 730, 'r'), (845, 739, 'r'), (840, 742, 'r'), (833, 740, 'r'), (828, 728, 'r'), (817, 711, 'r'), (813, 747, 'r')]
time:  82051.1760001
constraint 750
([[1, 1, 1, 1, 1, 0, 0, 0, 1, 1, 1, 0, 0, 0, 0], [0, 0, 1, 1, 1, 0, 0, 1, 1, 1, 1, 0, 0, 0, 0], [0, 0, 0, 1, 1, 0, 1, 1, 1, 1, 1, 0, 0, 0, 0], [0, 0, 0, 1, 1, 0, 1, 1, 1, 1, 1, 0, 0, 0, 0], [0, 0, 0, 1, 1, 0, 0, 1, 1, 1, 0, 0, 0, 1, 0], [1, 1, 0, 1, 1, 0, 0, 1, 1, 1, 0, 0, 0, 1, 0], [1, 1, 0, 1, 1, 0, 0, 1, 1, 1, 1, 1, 1, 1, 1], [1, 1, 0, 1, 1, 0, 0, 1, 1, 1, 1, 1, 1, 1, 1], [1, 1, 1, 1, 1, 0, 1, 1, 1, 1, 1, 0, 0, 0, 0], [1, 1, 1, 1, 1, 1, 1, 1, 1, 1, 1, 1, 1, 0, 0], [1, 1, 1, 1, 1, 1, 1, 0, 1, 1, 1, 1, 1, 0, 0], [0, 0, 1, 1, 1, 1, 1, 1, 1, 1, 1, 1, 0, 0, 0], [0, 0, 1, 1, 1, 1, 1, 1, 1, 1, 1, 1, 0, 0, 0], [0, 0, 1, 1, 0, 1, 0, 1, 1, 1, 1, 0, 0, 0, 0], [0, 0, 0, 0, 0, 0, 0, 0, 1, 1, 1, 0, 0, 0, 0]], 1367, 740, 'g')
(408, 174, 'g')
[(408, 174, 'g'), (407, 174, 'p'), (403, 172, 'g'), (402, 172, 'p'), (397, 167, 'p'), (383, 165, 'g'), (382, 165, 'g'), (381, 165, 'g')]
time:  83265.3009999
constraint 175
([[0, 0, 0, 0, 0, 0, 0, 0, 1, 1, 1, 0, 0, 0, 0], [0, 0, 0, 0, 0, 0, 0, 0, 0, 0, 1, 0, 0, 0, 0], [0, 0, 0, 0, 1, 0, 0, 0, 1, 1, 1, 0, 0, 0, 0], [0, 0, 0, 1, 1, 0, 1, 1, 1, 1, 0, 0, 0, 0, 0], [0, 0, 0, 1, 0, 0, 0, 1, 0, 0, 0, 0, 0, 1, 0], [1, 1, 0, 0, 0, 0, 0, 0, 0, 0, 0, 0, 0, 1, 0], [1, 1, 0, 0, 0, 0, 0, 0, 0, 0, 0, 0, 0, 0, 0], [1, 1, 0, 0, 0, 0, 0, 0, 0, 0, 0, 0, 0, 0, 1], [1, 1, 1, 1, 0, 0, 0, 0, 0, 0, 0, 0, 0, 0, 0], [1, 1, 0, 0, 0, 0, 0, 0, 0, 0, 0, 0, 0, 0, 0], [0, 0, 0, 0, 0, 0, 0, 0, 0, 0, 0, 0, 0, 0, 0], [0, 0, 0, 1, 0, 0, 0, 1, 0, 0, 0, 0, 0, 0, 0], [0, 0, 1, 1, 0, 0, 0, 0, 0, 1, 1, 0, 0, 0, 0], [0, 0, 1, 1, 0, 0, 0, 1, 1, 1, 1, 0, 0, 0, 0], [0, 0, 0, 0, 0, 0, 0, 0, 1, 1, 1, 0, 0, 0, 0]], 408, 174, 'g')
(824, 421, 'g')
[(824, 421, 'g'), (821, 424, 'p'), (817, 421, 'm'), (813, 416, 'g'), (417, 418, 'r'), (391, 421, 'r'), (387, 425, 'r'), (385, 417, 'r'), (383, 406, 'r'), (382, 425, 'r'), (377, 411, 'r'), (376, 422, 'r'), (373, 409, 'r'), (365, 402, 'r'), (363, 415, 'r')]
time:  82871.277
constraint 425
([[1, 0, 0, 0, 0, 0, 0, 0, 1, 1, 1, 0, 0, 0, 0], [1, 0, 0, 0, 0, 0, 0, 1, 1, 1, 1, 0, 0, 0, 0], [0, 0, 0, 0, 0, 0, 1, 1, 1, 1, 1, 0, 0, 0, 0], [0, 0, 0, 0, 0, 0, 1, 1, 1, 1, 0, 0, 0, 0, 0], [0, 0, 1, 1, 0, 0, 0, 1, 0, 0, 0, 1, 1, 1, 0], [1, 1, 0, 0, 0, 0, 0, 0, 1, 1, 0, 0, 1, 1, 0], [1, 1, 0, 0, 0, 0, 0, 0, 1, 1, 0, 0, 1, 1, 1], [1, 1, 0, 0, 0, 0, 0, 0, 1, 0, 0, 0, 1, 1, 1], [1, 1, 1, 1, 0, 0, 0, 0, 0, 0, 0, 0, 0, 0, 0], [1, 1, 1, 1, 1, 1, 0, 0, 0, 0, 0, 0, 0, 0, 0], [1, 1, 1, 1, 1, 1, 1, 0, 0, 0, 0, 0, 0, 0, 0], [0, 0, 1, 1, 1, 1, 0, 1, 0, 0, 1, 1, 1, 0, 0], [0, 0, 1, 1, 1, 0, 0, 0, 0, 1, 1, 1, 0, 0, 0], [0, 0, 1, 1, 0, 0, 0, 1, 1, 1, 1, 0, 0, 1, 0], [0, 0, 0, 0, 0, 0, 0, 0, 1, 1, 1, 0, 0, 1, 1]], 824, 421, 'g')
(72, 25, 'p')
iteration 11
(1341, 723, 'g')
[(1341, 723, 'g'), (1334, 720, 'g'), (1327, 725, 'p'), (1325, 723, 'g'), (1325, 725, 'p'), (1324, 724, 'g'), (1319, 720, 'g'), (1308, 718, 'm'), (1274, 717, 'g'), (835, 725, 'r'), (835, 715, 'r'), (810, 720, 'r'), (802, 708, 'r'), (786, 723, 'r'), (786, 714, 'r')]
time:  82269.5509999
constraint 725
([[0, 0, 1, 1, 1, 1, 0, 0, 1, 1, 1, 0, 0, 0, 0], [0, 0, 1, 1, 1, 0, 0, 0, 0, 0, 1, 0, 0, 0, 0], [0, 0, 0, 1, 1, 0, 0, 0, 1, 1, 1, 0, 0, 0, 0], [0, 0, 0, 1, 1, 0, 1, 1, 1, 1, 1, 0, 0, 0, 0], [0, 1, 1, 1, 1, 0, 0, 1, 1, 1, 0, 1, 1, 1, 0], [1, 1, 1, 1, 1, 0, 0, 1, 1, 1, 0, 0, 1, 1, 0], [1, 1, 1, 1, 1, 0, 0, 1, 1, 1, 1, 1, 1, 1, 1], [0, 1, 1, 1, 1, 0, 0, 1, 1, 1, 1, 1, 1, 1, 1], [1, 1, 1, 1, 1, 0, 0, 0, 1, 1, 1, 0, 0, 0, 1], [1, 1, 1, 1, 1, 1, 0, 0, 1, 1, 1, 0, 0, 0, 0], [1, 1, 1, 1, 1, 1, 0, 0, 1, 1, 1, 1, 0, 0, 0], [0, 0, 1, 1, 1, 1, 0, 1, 1, 1, 1, 1, 0, 0, 0], [0, 0, 1, 1, 1, 0, 0, 1, 1, 1, 1, 1, 0, 0, 0], [0, 0, 1, 1, 1, 1, 0, 1, 1, 1, 1, 0, 0, 1, 0], [0, 0, 1, 1, 1, 1, 0, 0, 1, 1, 1, 0, 0, 1, 1]], 1341, 723, 'g')
(966, 495, 'g')
[(966, 495, 'g'), (956, 494, 'g'), (954, 494, 'g'), (949, 495, 'g'), (945, 498, 'm'), (939, 495, 'g'), (897, 500, 'p'), (510, 493, 'r'), (505, 490, 'r'), (498, 485, 'r'), (489, 495, 'r'), (486, 477, 'r'), (483, 495, 'r'), (473, 481, 'r'), (458, 494, 'r')]
time:  82873.8100002
constraint 500
([[0, 0, 1, 1, 1, 0, 0, 0, 1, 1, 1, 0, 0, 0, 0], [0, 0, 1, 1, 1, 0, 0, 0, 0, 0, 1, 0, 0, 0, 0], [0, 0, 0, 1, 1, 0, 0, 0, 1, 1, 1, 0, 0, 0, 0], [0, 0, 0, 1, 1, 0, 0, 1, 1, 1, 0, 0, 0, 0, 0], [0, 0, 0, 1, 0, 0, 0, 1, 0, 0, 0, 0, 0, 1, 0], [1, 1, 0, 0, 0, 0, 0, 0, 1, 1, 0, 0, 0, 1, 0], [1, 1, 0, 0, 0, 0, 0, 0, 1, 1, 1, 0, 0, 1, 1], [1, 1, 0, 0, 0, 0, 0, 0, 1, 1, 1, 1, 1, 1, 1], [1, 1, 1, 1, 0, 0, 0, 0, 1, 1, 1, 0, 0, 0, 0], [1, 1, 1, 1, 1, 1, 0, 0, 1, 1, 1, 1, 1, 0, 0], [1, 1, 1, 1, 1, 1, 1, 0, 0, 1, 0, 1, 1, 0, 0], [0, 0, 1, 1, 1, 1, 1, 1, 0, 0, 0, 0, 0, 0, 0], [0, 0, 1, 1, 1, 1, 1, 1, 1, 1, 0, 0, 0, 0, 0], [0, 0, 1, 1, 0, 1, 0, 1, 1, 1, 1, 0, 0, 0, 0], [0, 0, 1, 1, 0, 0, 0, 0, 1, 1, 1, 0, 0, 0, 0]], 966, 495, 'g')
(1073, 567, 'g')
[(1073, 567, 'g'), (1067, 567, 'g'), (1062, 567, 'g'), (1048, 574, 'p'), (624, 575, 'r'), (620, 567, 'r'), (604, 564, 'r'), (596, 574, 'r'), (590, 575, 'r'), (586, 566, 'r'), (583, 575, 'r'), (575, 568, 'r'), (572, 562, 'r'), (564, 574, 'r'), (560, 571, 'r')]
time:  82742.872
constraint 575
([[0, 0, 1, 1, 1, 0, 0, 0, 1, 1, 1, 0, 0, 0, 0], [0, 0, 1, 1, 1, 0, 0, 0, 0, 0, 1, 0, 0, 0, 0], [0, 0, 0, 1, 1, 0, 0, 0, 1, 1, 1, 0, 0, 0, 0], [0, 0, 0, 1, 1, 0, 1, 1, 1, 1, 0, 0, 0, 0, 0], [0, 1, 1, 1, 0, 0, 0, 1, 0, 0, 0, 1, 1, 1, 0], [1, 1, 1, 1, 0, 0, 0, 1, 1, 1, 0, 0, 0, 0, 0], [1, 1, 1, 1, 1, 0, 0, 1, 1, 1, 1, 1, 0, 0, 0], [1, 1, 1, 1, 1, 0, 0, 1, 1, 1, 1, 1, 1, 1, 1], [1, 1, 1, 1, 1, 0, 0, 0, 1, 1, 1, 1, 1, 1, 1], [0, 1, 1, 1, 1, 0, 0, 0, 1, 1, 1, 1, 1, 0, 0], [0, 1, 1, 1, 1, 0, 0, 0, 0, 1, 0, 1, 1, 0, 0], [0, 0, 1, 1, 1, 1, 0, 1, 0, 0, 0, 1, 1, 0, 0], [0, 0, 1, 1, 1, 0, 0, 0, 0, 1, 1, 1, 0, 0, 0], [0, 0, 1, 1, 0, 0, 0, 1, 1, 1, 1, 0, 0, 0, 0], [0, 0, 0, 0, 0, 0, 0, 0, 1, 1, 1, 0, 0, 0, 0]], 1073, 567, 'g')
(1291, 698, 'g')
[(1291, 698, 'g'), (1268, 693, 'g'), (1265, 690, 'g'), (1231, 692, 'g'), (1230, 691, 'p'), (792, 687, 'r'), (787, 684, 'r'), (784, 647, 'r'), (781, 687, 'r'), (780, 683, 'r'), (759, 679, 'r'), (758, 700, 'r'), (756, 688, 'r'), (752, 700, 'r'), (743, 678, 'r')]
time:  82495.29
constraint 700
([[1, 1, 1, 1, 1, 0, 0, 0, 1, 1, 1, 0, 0, 0, 0], [0, 0, 1, 1, 1, 0, 0, 1, 1, 1, 1, 0, 0, 0, 0], [0, 0, 0, 1, 1, 0, 1, 1, 1, 1, 1, 0, 0, 0, 0], [0, 0, 0, 1, 1, 1, 1, 1, 1, 1, 0, 0, 1, 1, 0], [0, 0, 0, 1, 0, 0, 0, 1, 1, 1, 0, 1, 1, 1, 1], [1, 1, 0, 0, 0, 0, 0, 1, 1, 1, 0, 0, 1, 1, 1], [1, 1, 1, 1, 1, 0, 0, 1, 1, 1, 1, 1, 1, 1, 1], [0, 1, 1, 1, 1, 0, 0, 1, 1, 1, 1, 1, 1, 1, 1], [1, 1, 1, 1, 1, 0, 0, 0, 0, 1, 1, 0, 0, 0, 1], [1, 1, 1, 1, 1, 1, 0, 0, 0, 1, 1, 0, 0, 0, 0], [1, 1, 1, 1, 1, 1, 0, 0, 0, 1, 1, 1, 0, 0, 0], [0, 0, 1, 1, 1, 1, 0, 1, 1, 1, 1, 1, 1, 1, 0], [0, 0, 1, 1, 1, 0, 0, 1, 1, 1, 1, 1, 1, 1, 0], [0, 0, 1, 1, 0, 0, 0, 1, 1, 1, 1, 0, 0, 0, 0], [0, 0, 0, 1, 0, 0, 0, 0, 1, 1, 1, 0, 0, 0, 0]], 1291, 698, 'g')
(1118, 599, 'g')
[(1118, 599, 'g'), (1115, 589, 'g'), (1114, 591, 'g'), (1078, 590, 'g'), (648, 583, 'r'), (641, 596, 'r'), (640, 590, 'r'), (632, 591, 'r'), (628, 600, 'r'), (621, 600, 'r'), (620, 598, 'r'), (613, 577, 'r'), (604, 599, 'r'), (602, 594, 'r'), (591, 597, 'r')]
time:  82728.632
constraint 600
([[0, 0, 0, 0, 0, 0, 0, 0, 1, 1, 1, 0, 0, 0, 0], [0, 0, 0, 0, 0, 0, 0, 1, 1, 1, 1, 0, 0, 0, 0], [0, 0, 0, 0, 1, 0, 1, 1, 1, 1, 1, 0, 0, 0, 0], [0, 0, 0, 0, 1, 1, 1, 1, 1, 1, 0, 0, 0, 0, 0], [0, 0, 1, 1, 1, 1, 1, 1, 0, 0, 0, 0, 0, 1, 1], [1, 1, 0, 1, 1, 1, 0, 0, 0, 0, 0, 0, 0, 1, 1], [1, 1, 0, 1, 1, 0, 0, 0, 0, 1, 1, 0, 0, 1, 1], [1, 1, 0, 1, 1, 0, 0, 0, 0, 1, 1, 1, 1, 1, 1], [1, 1, 1, 1, 1, 0, 1, 0, 0, 1, 1, 0, 0, 0, 0], [1, 1, 1, 1, 1, 1, 1, 0, 0, 1, 1, 0, 0, 0, 0], [1, 1, 1, 1, 1, 1, 1, 0, 0, 0, 0, 0, 0, 0, 0], [0, 0, 1, 1, 1, 1, 1, 1, 0, 0, 0, 0, 0, 0, 0], [0, 0, 1, 1, 1, 1, 1, 1, 1, 1, 1, 1, 0, 0, 0], [0, 0, 1, 1, 0, 1, 0, 1, 1, 1, 1, 1, 1, 1, 0], [0, 0, 0, 0, 0, 0, 0, 0, 1, 1, 1, 1, 1, 1, 1]], 1118, 599, 'g')
(740, 366, 'g')
[(740, 366, 'g'), (735, 370, 'g'), (733, 369, 'g'), (730, 368, 'g'), (726, 372, 'p'), (362, 374, 'r'), (347, 372, 'r'), (345, 367, 'r'), (342, 358, 'r'), (341, 374, 'r'), (329, 372, 'r'), (327, 374, 'r'), (327, 344, 'r'), (316, 357, 'r'), (307, 311, 'r')]
time:  83201.5699999
constraint 375
([[0, 0, 0, 0, 0, 0, 0, 0, 1, 1, 1, 0, 0, 0, 0], [0, 0, 0, 0, 0, 0, 0, 1, 1, 0, 1, 0, 0, 0, 0], [0, 0, 0, 0, 0, 0, 1, 1, 1, 1, 1, 0, 0, 0, 0], [0, 0, 0, 0, 0, 0, 1, 1, 1, 1, 0, 0, 0, 0, 0], [0, 0, 0, 0, 0, 0, 0, 1, 0, 0, 0, 0, 0, 1, 0], [1, 1, 0, 0, 0, 0, 0, 0, 0, 0, 0, 0, 0, 1, 0], [1, 1, 1, 1, 1, 0, 0, 0, 1, 1, 0, 0, 0, 0, 0], [1, 1, 1, 1, 1, 0, 0, 0, 1, 1, 0, 0, 0, 0, 0], [1, 1, 1, 1, 1, 0, 0, 0, 1, 1, 0, 0, 0, 0, 0], [1, 1, 1, 1, 1, 1, 0, 0, 1, 1, 0, 0, 0, 0, 0], [1, 1, 1, 1, 1, 1, 0, 0, 0, 0, 0, 0, 0, 0, 0], [0, 0, 1, 1, 1, 1, 0, 1, 0, 0, 0, 0, 0, 0, 0], [0, 0, 1, 1, 1, 0, 0, 0, 0, 1, 1, 0, 0, 0, 0], [0, 0, 1, 1, 0, 0, 0, 1, 1, 1, 1, 0, 0, 0, 0], [0, 0, 0, 0, 0, 0, 0, 0, 1, 1, 1, 0, 0, 0, 0]], 740, 366, 'g')
(931, 474, 'p')
[(931, 474, 'p'), (925, 471, 'g'), (922, 474, 'p'), (921, 468, 'g'), (913, 473, 'g'), (897, 468, 'g'), (487, 466, 'r'), (480, 459, 'r'), (470, 474, 'r'), (464, 470, 'r'), (462, 463, 'r'), (442, 472, 'r'), (432, 470, 'r'), (429, 465, 'r'), (416, 474, 'r')]
time:  82983.0670002
constraint 475
([[0, 0, 1, 1, 1, 0, 0, 0, 1, 1, 1, 0, 0, 0, 0], [0, 0, 1, 1, 1, 0, 0, 0, 0, 0, 1, 0, 0, 0, 0], [0, 0, 0, 1, 1, 0, 0, 0, 1, 1, 1, 0, 0, 0, 0], [0, 0, 0, 1, 1, 0, 0, 1, 1, 1, 0, 0, 0, 0, 0], [0, 0, 0, 1, 0, 0, 0, 1, 0, 0, 0, 0, 0, 1, 0], [1, 1, 0, 0, 0, 0, 0, 1, 1, 1, 0, 0, 0, 1, 0], [1, 1, 0, 0, 0, 0, 0, 1, 1, 1, 0, 0, 0, 1, 1], [1, 1, 0, 0, 0, 0, 0, 1, 1, 1, 1, 0, 1, 1, 1], [1, 1, 1, 1, 0, 0, 1, 1, 1, 1, 1, 0, 0, 0, 0], [1, 1, 1, 1, 0, 0, 0, 1, 1, 1, 1, 1, 1, 0, 0], [1, 1, 1, 1, 1, 1, 1, 0, 0, 0, 0, 1, 1, 0, 0], [0, 0, 1, 1, 1, 1, 0, 1, 0, 0, 0, 0, 0, 0, 0], [0, 0, 1, 1, 1, 0, 0, 1, 1, 1, 0, 0, 0, 0, 0], [0, 0, 1, 1, 0, 0, 0, 1, 1, 1, 1, 0, 0, 1, 0], [0, 0, 1, 1, 0, 0, 0, 0, 1, 1, 1, 0, 0, 1, 1]], 931, 474, 'p')
(448, 199, 'p')
iteration 11
(1404, 768, 'g')
[(1404, 768, 'g'), (1402, 764, 'g'), (1399, 769, 'm'), (1389, 769, 'g'), (1384, 773, 'p'), (1377, 770, 'g'), (955, 775, 'r'), (908, 769, 'r'), (904, 764, 'r'), (897, 763, 'r'), (897, 774, 'r'), (895, 769, 'r'), (893, 774, 'r'), (889, 771, 'r'), (888, 765, 'r')]
time:  82550.7779999
constraint 775
([[1, 1, 1, 1, 1, 0, 0, 0, 1, 1, 1, 0, 0, 0, 0], [1, 1, 1, 1, 1, 0, 0, 0, 0, 0, 1, 0, 0, 0, 0], [1, 0, 0, 1, 1, 0, 0, 0, 1, 1, 1, 0, 0, 0, 0], [0, 0, 0, 1, 1, 0, 1, 1, 1, 1, 1, 0, 0, 0, 0], [0, 1, 1, 1, 0, 0, 0, 1, 1, 1, 0, 1, 1, 1, 1], [1, 1, 1, 1, 0, 0, 0, 1, 1, 1, 0, 0, 1, 1, 1], [1, 1, 1, 1, 1, 0, 0, 1, 1, 1, 1, 1, 1, 1, 1], [1, 1, 1, 1, 1, 0, 0, 1, 1, 1, 1, 1, 1, 1, 1], [1, 1, 1, 1, 1, 0, 1, 1, 1, 1, 1, 0, 0, 0, 0], [1, 1, 1, 1, 1, 1, 1, 1, 1, 1, 1, 0, 0, 0, 0], [1, 1, 1, 1, 1, 1, 1, 0, 0, 1, 0, 0, 0, 0, 0], [0, 0, 1, 1, 1, 1, 1, 1, 0, 0, 0, 0, 1, 1, 0], [0, 0, 1, 1, 1, 1, 1, 1, 1, 1, 1, 0, 0, 1, 0], [1, 1, 1, 1, 0, 1, 0, 1, 1, 1, 1, 0, 0, 1, 0], [1, 1, 1, 1, 0, 0, 0, 0, 1, 1, 1, 0, 0, 1, 1]], 1404, 768, 'g')
(355, 149, 'g')
[(355, 149, 'g'), (351, 148, 'p'), (349, 144, 'p'), (349, 148, 'g'), (348, 149, 'p'), (341, 145, 'g'), (340, 143, 'g'), (339, 148, 'p'), (329, 144, 'g'), (113, 148, 'r')]
time:  83864.0340002
constraint 150
([[0, 0, 0, 0, 0, 0, 0, 0, 1, 1, 1, 0, 0, 0, 0], [0, 0, 0, 0, 0, 0, 0, 0, 0, 0, 1, 0, 0, 0, 0], [0, 0, 0, 0, 1, 0, 0, 0, 1, 1, 1, 0, 0, 0, 0], [0, 0, 0, 1, 1, 0, 1, 1, 1, 1, 0, 0, 0, 0, 0], [0, 0, 0, 1, 0, 0, 0, 1, 0, 0, 0, 0, 0, 1, 0], [1, 1, 0, 0, 0, 0, 0, 0, 0, 0, 0, 0, 0, 1, 0], [1, 1, 0, 0, 0, 0, 0, 0, 0, 0, 0, 0, 0, 0, 0], [0, 0, 0, 0, 0, 0, 0, 0, 0, 1, 0, 0, 0, 0, 1], [0, 0, 0, 0, 0, 0, 0, 0, 0, 1, 0, 0, 0, 0, 0], [0, 0, 0, 0, 0, 0, 0, 0, 0, 1, 0, 0, 0, 0, 0], [0, 0, 0, 0, 0, 0, 0, 0, 0, 1, 0, 0, 0, 0, 0], [0, 0, 0, 1, 0, 0, 0, 1, 0, 0, 0, 0, 0, 0, 0], [0, 0, 1, 1, 0, 0, 0, 0, 0, 1, 1, 0, 0, 0, 0], [0, 0, 1, 1, 0, 0, 0, 1, 1, 1, 1, 0, 0, 0, 0], [0, 0, 0, 0, 0, 0, 0, 0, 1, 1, 1, 0, 0, 0, 0]], 355, 149, 'g')
(448, 199, 'p')
iteration 12
(72, 25, 'p')
iteration 12
(448, 199, 'p')
iteration 13
(448, 199, 'p')
iteration 14
(72, 25, 'p')
iteration 13
(448, 199, 'p')
[(448, 199, 'p'), (445, 200, 'p'), (445, 200, 'g'), (444, 200, 'p'), (443, 197, 'p'), (440, 198, 'g'), (433, 190, 'p'), (428, 194, 'g'), (414, 194, 'm'), (171, 196, 'r'), (131, 193, 'r')]
time:  85221.533
constraint 200
([[0, 0, 0, 0, 0, 0, 0, 0, 1, 1, 1, 0, 0, 0, 0], [0, 0, 0, 0, 0, 0, 0, 0, 0, 0, 1, 0, 0, 0, 0], [0, 0, 0, 0, 1, 0, 0, 0, 1, 1, 1, 0, 0, 0, 0], [0, 0, 0, 1, 1, 0, 1, 1, 1, 1, 1, 0, 0, 0, 0], [0, 0, 1, 1, 0, 0, 0, 1, 0, 0, 0, 0, 0, 1, 0], [1, 1, 0, 0, 0, 0, 0, 0, 0, 0, 0, 0, 0, 1, 0], [1, 1, 0, 0, 0, 0, 0, 0, 0, 0, 0, 0, 0, 0, 0], [1, 1, 0, 0, 0, 0, 0, 0, 0, 0, 0, 0, 0, 0, 1], [1, 1, 1, 1, 0, 0, 0, 0, 0, 0, 0, 0, 0, 0, 0], [1, 1, 0, 0, 0, 0, 0, 0, 0, 0, 0, 0, 0, 0, 0], [0, 0, 0, 0, 0, 0, 1, 0, 0, 0, 0, 0, 0, 0, 0], [0, 0, 0, 1, 0, 1, 1, 1, 0, 0, 0, 0, 0, 0, 0], [0, 0, 1, 1, 0, 0, 0, 0, 0, 1, 1, 0, 0, 0, 0], [0, 0, 1, 1, 0, 0, 0, 1, 1, 1, 1, 0, 0, 0, 0], [0, 0, 0, 0, 0, 0, 0, 0, 1, 1, 1, 0, 0, 0, 0]], 448, 199, 'p')
(72, 25, 'p')
iteration 14
(72, 25, 'p')
[(72, 25, 'p'), (65, 23, 'p'), (65, 22, 'g'), (64, 20, 'p'), (57, 17, 'g'), (57, 23, 'p'), (49, 15, 'g'), (24, 25, 'r')]
time:  86889.8100002
constraint 25
([[0, 0, 0, 0, 0, 0, 0, 0, 1, 0, 0, 0, 0, 0, 0], [0, 0, 0, 0, 0, 0, 0, 0, 0, 0, 0, 0, 0, 0, 0], [0, 0, 0, 0, 1, 0, 0, 0, 0, 0, 0, 0, 0, 0, 0], [0, 0, 0, 1, 1, 0, 0, 1, 0, 0, 0, 0, 0, 0, 0], [0, 0, 0, 0, 0, 0, 0, 1, 0, 0, 0, 0, 0, 0, 0], [0, 0, 0, 0, 0, 0, 0, 0, 0, 0, 0, 0, 0, 0, 0], [0, 0, 0, 0, 0, 0, 0, 0, 0, 0, 0, 0, 0, 0, 0], [0, 0, 0, 0, 0, 0, 0, 0, 0, 0, 0, 0, 0, 0, 0], [0, 0, 0, 0, 0, 0, 0, 0, 0, 0, 0, 0, 0, 0, 0], [0, 0, 0, 0, 0, 0, 0, 0, 0, 0, 0, 0, 0, 0, 0], [0, 0, 0, 0, 0, 0, 0, 0, 0, 0, 0, 0, 0, 0, 0], [0, 0, 0, 0, 0, 0, 0, 1, 0, 0, 0, 0, 0, 0, 0], [0, 0, 0, 0, 0, 0, 0, 0, 0, 0, 0, 0, 0, 0, 0], [0, 0, 1, 1, 0, 0, 0, 0, 0, 0, 0, 0, 0, 0, 0], [0, 0, 0, 0, 0, 0, 0, 0, 0, 0, 0, 0, 0, 0, 0]], 72, 25, 'p')
